762.506 246.593 762.506 246.593 0.899505 -0.0125919 -0.05765 0.927728 1
767.217 289.481 767.217 289.481 1.04033 0.112363 -0.0779126 0.790377 1
893.66 404.363 893.66 404.363 0.963001 0.0149867 -0.0139942 0.961529 1
763.843 413.229 763.843 413.229 0.908661 0.0397505 -0.0125279 0.911139 1
307.597 416.452 307.597 416.452 1.53027 -0.00497884 -0.08024 0.869799 -1
316.574 500.764 316.574 500.764 1.40831 -0.0877083 -0.0178412 0.680288 2
367.083 500.578 367.083 500.578 0.990505 -0.0936006 0.00199517 0.83183 1
120.705 171.622 120.705 171.622 0.704708 0.0603344 -0.108283 0.574659 1
65.614 189.105 65.614 189.105 0.749151 0.0686722 -0.130347 0.496123 1
49.2262 207.619 49.2262 207.619 0.715503 -0.00863358 -0.113512 0.525596 1
274.865 285.801 274.865 285.801 0.811225 0.328746 -0.0777743 0.585038 1
279.216 288.135 279.216 288.135 1.29594 0.31618 -0.168506 0.576499 1
454.419 297.841 454.419 297.841 0.783669 0.0630242 -0.0340655 0.906804 4
413.11 335.497 413.11 335.497 0.606158 0.265356 -0.0363197 0.495105 4
113.31 412.202 113.31 412.202 0.783786 0.0103345 -0.0266574 0.740604 1
434.116 424.506 434.116 424.506 0.910323 -0.169988 -0.021856 0.82204 4
173.785 438.413 173.785 438.413 0.51677 -0.066126 -0.00638569 0.564824 1
302.471 491.26 302.471 491.26 0.796652 0.0568573 -0.00292581 0.654475 2
370.663 497.046 370.663 497.046 0.827653 0.0420372 0.00709512 0.859814 1
304.851 500.141 304.851 500.141 0.835827 -0.0408995 0.00425365 0.793882 2
375.635 501.103 375.635 501.103 0.663768 0.0884344 0.00549782 0.653096 1
380.637 502.986 380.637 502.986 0.743022 -0.0225117 0.00382303 0.657931 1
291.878 506.181 291.878 506.181 0.779227 0.182079 0.0075402 0.785593 2
385.669 506.437 385.669 506.437 0.70656 -0.0355641 0.00306002 0.581263 1
530.589 508.004 530.589 508.004 0.86668 -0.00621546 0.00936773 0.815269 4
390.131 509.018 390.131 509.018 0.578361 0.00819882 0.00911995 0.645137 1
399.079 514.867 399.079 514.867 0.642234 0.118274 0.014539 0.81561 1
428.035 533.176 428.035 533.176 0.746765 0.0398985 0.0153749 0.756911 1
400.189 282.234 400.189 282.234 0.662695 -0.0589803 -0.0436983 0.688762 4
436.809 286.954 436.809 286.954 0.87448 0.047854 -0.0616098 0.829151 4
484.134 361.464 484.134 361.464 0.809226 0.0524795 -0.0332115 0.768743 3
484.465 405.125 484.465 405.125 0.796222 0.0650573 -0.0148313 0.836214 3
479.151 408.671 479.151 408.671 0.88493 -0.000824522 -0.0275196 0.756843 3
473.166 457.758 473.166 457.758 1.01081 0.0124549 -0.00937287 0.924582 3
304.389 513.056 304.389 513.056 1.06845 -0.063818 -0.00462182 0.579326 2
304.167 519.754 304.167 519.754 0.843459 0.014854 0.00126722 0.519879 2
345.697 574.582 345.697 574.582 0.873526 0.0674589 0.0244354 0.513297 1
350.561 578.427 350.561 578.427 0.978929 0.0632699 0.0287371 0.529156 1
770.842 251.775 770.842 251.775 2.42256 -0.193142 -0.327749 0.887801 -1
355.431 309.001 355.431 309.001 1.05005 0.362311 -0.0966637 0.676385 4
496.984 412.758 496.984 412.758 0.723146 -0.0120473 -0.0277695 0.51374 4
472.752 465.914 472.752 465.914 0.813866 0.0175913 0.00342276 0.920676 3
521.12 506.806 521.12 506.806 0.812448 0.0124042 0.0131298 0.90619 4
801.103 185.474 801.103 185.474 0.894783 0.198329 -0.0651971 0.943606 1
679.385 206.607 679.385 206.607 0.759116 -0.15139 -0.0447969 0.940648 1
86.0135 247.608 86.0135 247.608 0.512268 0.249565 -0.0309609 0.590243 1
462.811 341.636 462.811 341.636 0.790649 0.349692 -0.0406248 0.688054 4
328.288 420.74 328.288 420.74 1.12618 0.0370031 -0.0468942 0.772505 -1
76.0558 430.159 76.0558 430.159 0.822896 -0.0358713 -0.0189476 0.836434 3
366.833 514.496 366.833 514.496 0.839447 -0.0278176 0.0107759 0.838064 1
184.29 284.337 184.29 284.337 0.731709 0.162819 -0.0722563 0.567477 1
147.355 458.388 147.355 458.388 0.554189 0.0165064 0.00927854 0.824771 1
366.167 514.39 366.167 514.39 0.814297 -0.0107434 0.0102479 0.808629 1
379.846 519.435 379.846 519.435 0.733604 0.00144584 0.0142663 0.842344 1
350.35 539.897 350.35 539.897 0.843395 0.0989759 0.0143749 0.693623 1
368.49 539.988 368.49 539.988 0.774301 0.0987309 0.0174294 0.790495 1
461.785 563.078 461.785 563.078 0.591282 -0.301767 0.018458 0.607668 1
120.144 298.636 120.144 298.636 0.666704 -0.290087 -0.035811 0.84393 1
206.479 453.581 206.479 453.581 0.687572 0.0893203 -0.00486873 0.738001 1
44.6553 495.201 44.6553 495.201 0.543231 -0.220098 -0.00263628 0.484766 1
-81.6047 314.439 -81.6047 314.439 1.07874 0.904418 -0.127968 0.534185 -1
32.6527 326.088 32.6527 326.088 1.26139 0.176905 -0.148887 0.654795 1
97.4741 314.498 97.4741 314.498 0.96853 0.0618381 -0.0826405 0.81963 1
281.723 284.165 281.723 284.165 0.900414 -0.0626727 -0.0880639 0.721295 1
296.073 288.722 296.073 288.722 1.05361 0.0629592 -0.10946 0.735307 -1
294.716 292.477 294.716 292.477 0.87882 0.0742099 -0.0709312 0.77807 -1
363.403 321.949 363.403 321.949 0.843071 -0.00924803 -0.0406539 0.908717 4
314.748 400.992 314.748 400.992 1.07646 -0.0136949 -0.0466586 0.859825 -1
326.233 404.293 326.233 404.293 0.964452 -0.11323 -0.0345032 0.855665 -1
466.516 311.482 466.516 311.482 1.01407 0.0170451 -0.081513 0.758931 3
472.201 307.043 472.201 307.043 0.886542 -0.0161539 -0.0713282 0.681899 3
476.353 412.005 476.353 412.005 0.904117 -0.0321857 -0.0305568 0.721801 3
505.956 394.802 505.956 394.802 0.869764 -0.0558994 -0.0191799 0.920268 -1
436.376 529.119 436.376 529.119 0.935383 -0.13084 0.015742 0.872417 1
205.126 446.858 205.126 446.858 0.731448 0.284243 -0.0111804 0.699037 1
283.496 517.458 283.496 517.458 0.785766 -0.0781206 0.00528503 0.642776 2
283.496 517.458 283.496 517.458 0.831779 0.0397455 0.00435251 0.640387 2
292.396 541.324 292.396 541.324 0.782421 0.0163404 0.0081726 0.438942 2
488.9 308.416 488.9 308.416 0.926755 0.12377 -0.0512265 0.915939 4
474.338 326.83 474.338 326.83 0.818807 0.115815 -0.0384696 0.828686 4
299.643 545.03 299.643 545.03 0.719758 -0.0820985 0.0101469 0.456085 2
427.756 532.959 427.756 532.959 0.764945 0.0622383 0.0175694 0.849202 1
431.933 535.797 431.933 535.797 0.736442 -0.111401 0.0187214 0.864694 1
529.959 506.721 529.959 506.721 0.843794 -0.0526601 0.0090935 0.804887 4
511.518 603.593 511.518 603.593 1.08213 0.491401 0.0466251 0.837301 -1
1065.41 133.822 1065.41 133.822 1.08619 -0.0265219 -0.12687 0.879739 -1
35.8228 318.371 35.8228 318.371 0.621442 0.0625938 -0.0262941 0.767158 1
100.196 306.399 100.196 306.399 0.663108 -0.0316353 -0.0372673 0.76516 1
9.67303 427.543 9.67303 427.543 0.580426 -0.0685558 -0.0132204 0.615387 -1
221.875 454.866 221.875 454.866 0.653386 -0.0405779 0.00212732 0.817181 1
262.05 508.427 262.05 508.427 0.588525 0.0241335 0.00970932 0.702514 2
293.227 503.75 293.227 503.75 0.905835 0.0879526 -0.000824746 0.687732 2
474.434 389.493 474.434 389.493 1.05537 0.0441148 -0.0646187 0.573914 3
380.721 508.872 380.721 508.872 0.735759 0.000316209 0.00290438 0.577293 1
507.157 395.607 507.157 395.607 0.960531 -0.08726 -0.0325907 0.851407 4
507.157 395.607 507.157 395.607 1.03683 0.0906044 -0.0399138 0.834335 4
423.175 530.662 423.175 530.662 0.782418 -0.0488623 0.0171342 0.863122 1
173.149 293.059 173.149 293.059 0.548487 -0.0698663 -0.0206044 0.737471 1
295.041 263.024 295.041 263.024 1.06455 0.116787 -0.108302 0.857004 1
379.174 243.695 379.174 243.695 0.703486 0.0969409 -0.0517381 0.743317 0
309.559 501.192 309.559 501.192 1.09228 -0.242699 -0.0150565 0.501636 2
465.218 347.229 465.218 347.229 0.882015 0.014745 -0.0348291 0.918373 4
465.218 347.229 465.218 347.229 0.918505 0.102142 -0.0396022 0.906941 4
473.607 370.227 473.607 370.227 0.817367 -0.0259197 -0.0537115 0.501985 3
367.895 513.613 367.895 513.613 0.510991 -0.0234149 0.0178398 0.849965 1
350.691 568.388 350.691 568.388 0.85527 -0.000918989 0.0232692 0.624679 1
520.825 505.686 520.825 505.686 0.820708 0.0104442 0.0109313 0.853883 4
299.453 498.604 299.453 498.604 0.899249 0.0531676 -0.00061758 0.73677 2
520.183 235.738 520.183 235.738 0.984896 0.554009 -0.128426 0.472255 -1
800.921 184.682 800.921 184.682 0.882218 0.0128884 -0.0629641 0.981071 1
283.54 542.766 283.54 542.766 0.845548 -0.0302255 0.0142928 0.672334 2
515.539 491.975 515.539 491.975 0.840494 -0.00651946 -0.00257398 0.614672 4
200.5 452.798 200.5 452.798 0.481823 -0.0545863 0.0109236 0.773975 -1
200.5 452.798 200.5 452.798 0.734805 0.0100652 -0.00431447 0.813628 1
823.698 -11.6824 823.698 -11.6824 0.522073 -0.01097 0.0158537 1.03748 0
823.698 -11.6824 823.698 -11.6824 0.585714 0.0650177 -0.00540724 1.0121 0
169.893 308.467 169.893 308.467 0.952372 -0.0643985 -0.0879279 0.759577 1
293.254 525.752 293.254 525.752 0.859007 -0.00650234 0.00294377 0.505957 2
307.607 414.859 307.607 414.859 0.993944 -0.0402026 -0.0377733 0.786652 -1
307.607 414.859 307.607 414.859 0.986688 0.0581074 -0.0371037 0.777578 -1
282.022 284.332 282.022 284.332 0.887815 0.0557576 -0.0665496 0.862879 1
329.063 453.682 329.063 453.682 1.10357 0.0263541 -0.0306509 0.727863 -1
343.588 316.731 343.588 316.731 0.909495 -0.0331527 -0.0567045 0.880496 -1
475.74 368.224 475.74 368.224 0.87742 -0.0146996 -0.0440109 0.718251 3
467.682 319.57 467.682 319.57 0.865188 0.00295479 -0.0398774 0.926625 4
514.123 466.59 514.123 466.59 1.40104 -0.00456849 -0.0302962 0.803042 -1
65.2633 404.331 65.2633 404.331 0.750327 -0.00676795 -0.0460321 0.491418 -1
119.957 413.949 119.957 413.949 1.95769 0.0355414 -0.142917 0.788579 -1
130.996 451.859 130.996 451.859 0.785173 0.000440234 -0.0102086 0.799382 3
171.726 447.754 171.726 447.754 0.70209 0.0144416 -0.00318654 0.817108 1
204.353 447.821 204.353 447.821 0.740046 0.0495025 -0.00678535 0.79252 1
214.328 447.193 214.328 447.193 0.695551 -0.0221956 -0.00145221 0.83511 1
282.591 517.17 282.591 517.17 0.753126 0.0932362 0.00499894 0.614195 2
288.607 544.815 288.607 544.815 0.817035 -0.019505 0.0108739 0.4967 2
307.665 501.032 307.665 501.032 0.865189 -0.0271664 -0.000447561 0.690477 2
295.288 288.552 295.288 288.552 0.866579 0.078357 -0.0962044 0.547022 -1
319.521 356.467 319.521 356.467 1.14812 -0.0844521 -0.0996229 0.610881 -1
430.819 535.501 430.819 535.501 0.789759 -0.0500647 0.0179305 0.849698 1
430.819 535.501 430.819 535.501 0.785999 -0.377928 0.0179113 0.849951 1
487.505 601.97 487.505 601.97 1.14005 -0.457086 0.0469613 0.522275 -1
487.363 403.169 487.363 403.169 1.52738 0.326422 -0.08685 0.747268 0
502.198 390.954 502.198 390.954 0.93769 -0.00416621 -0.041896 0.707446 4
504.641 365.416 504.641 365.416 0.786772 0.0389169 -0.0265726 0.800582 4
817.728 322.719 817.728 322.719 0.931766 -0.00313016 -0.0441668 0.86456 1
44.3584 460.999 44.3584 460.999 0.730894 0.0293711 -0.0175044 0.586068 1
51.3639 459.85 51.3639 459.85 0.607095 0.0851446 -0.0161293 0.459998 1
47.6657 423.692 47.6657 423.692 0.808923 0.144736 -0.0402434 0.537543 -1
265.031 528.561 265.031 528.561 0.689318 0.00678089 0.0114078 0.68714 2
261.348 507.375 261.348 507.375 0.707125 -0.00544232 0.00515433 0.675566 2
266.493 275.647 266.493 275.647 0.64728 0.0979892 -0.0536491 0.598356 1
300.981 283.289 300.981 283.289 0.907099 0.0971767 -0.0727436 0.830136 -1
374.679 500.099 374.679 500.099 0.782424 0.0210976 0.00911212 0.855699 1
411.784 523.53 411.784 523.53 0.70623 -0.016047 0.0157033 0.842216 1
456.656 347.504 456.656 347.504 1.41085 -0.169912 -0.143562 0.49777 4
91.3401 521.845 91.3401 521.845 0.793884 -0.0333442 -0.0004245 0.48906 -1
165.885 309.413 165.885 309.413 0.621536 -0.00643093 -0.0338581 0.699281 1
368.763 513.063 368.763 513.063 0.669521 0.0747646 0.0115393 0.765114 1
369.798 498.637 369.798 498.637 0.950742 0.0432731 0.00362798 0.859129 1
379.975 507.846 379.975 507.846 0.670075 0.0747026 0.000609369 0.487199 1
389.152 514.973 389.152 514.973 0.649494 0.100612 0.00424897 0.518941 1
384.873 407.535 384.873 407.535 0.979288 -0.0294259 -0.0387998 0.762934 4
844.726 -4.65082 844.726 -4.65082 0.738453 -0.0570007 -0.117227 0.704636 0
102.366 426.798 102.366 426.798 0.741855 -0.000668414 -0.0285455 0.594702 1
203.997 451.678 203.997 451.678 0.669315 0.152145 -0.0105703 0.622325 1
298.502 497.965 298.502 497.965 0.760161 0.0152642 0.000921016 0.666856 2
309.062 501.232 309.062 501.232 1.01185 -0.0125357 -0.00186177 0.76733 2
417.59 534.065 417.59 534.065 0.707769 -0.0635828 0.0123214 0.639235 1
399.14 296.556 399.14 296.556 0.545132 0.0514548 -0.0143737 0.725501 0
472.265 461.562 472.265 461.562 0.904903 0.031373 -0.00262429 0.9169 3
462.089 357.472 462.089 357.472 0.801896 0.0801887 -0.0227754 0.901373 4
472.843 371.786 472.843 371.786 0.862245 0.0324011 -0.0421704 0.699188 3
495.741 295.488 495.741 295.488 0.807858 -0.00391866 -0.0427232 0.868772 4
678.883 205.64 678.883 205.64 0.849617 0.033789 -0.0582085 0.948861 1
678.883 205.64 678.883 205.64 0.851856 0.0481363 -0.0586777 0.945855 1
506.934 238.7 506.934 238.7 0.787937 0.240984 -0.0469187 0.871832 -1
110.865 493.862 110.865 493.862 0.788848 -0.00860052 -0.0108464 0.516703 1
433.252 529.101 433.252 529.101 0.996471 -0.418289 0.00666713 0.57723 -1
304.282 412.862 304.282 412.862 0.998315 -0.0102896 -0.0444454 0.707108 -1
321.479 416.785 321.479 416.785 1.0799 0.0801827 -0.0526231 0.651476 -1
523.953 509.964 523.953 509.964 1.14389 -0.0474232 0.00603759 0.867619 4
433.437 419.801 433.437 419.801 1.09755 0.00521977 -0.0415328 0.774229 4
272.177 284.97 272.177 284.97 0.869044 0.0771399 -0.0642832 0.84969 1
386.659 337.64 386.659 337.64 0.802392 0.032358 -0.057329 0.603641 0
446.223 291.779 446.223 291.779 2.067 -0.237955 -0.236725 1.11986 -1
1086.79 95.0644 1086.79 95.0644 1.03633 -0.120475 -0.172508 0.592251 -1
44.3273 462.091 44.3273 462.091 0.681998 -0.0800154 -0.00136595 0.803875 1
264.134 528.381 264.134 528.381 0.719346 0.0563168 0.00833429 0.599248 2
291.645 533.065 291.645 533.065 0.754208 0.0682989 0.0068011 0.497831 2
290.717 505.599 290.717 505.599 0.865614 0.0259727 0.000120231 0.665819 2
292.018 493.716 292.018 493.716 0.928951 -0.109736 -0.00949711 0.604201 2
213.677 447.051 213.677 447.051 0.560474 -0.101694 0.0065108 0.809692 1
540.216 605.119 540.216 605.119 0.862814 -0.11391 0.0377408 0.592644 -1
174.534 414.479 174.534 414.479 0.740088 0.0306758 -0.0166447 0.786653 1
551.441 605.424 551.441 605.424 0.854287 -0.097803 0.0373183 0.50091 -1
416.707 529.784 416.707 529.784 0.829354 -0.0598384 0.0160084 0.847895 1
383.979 505.649 383.979 505.649 0.704327 0.00986561 0.0111314 0.811672 1
432.707 423.999 432.707 423.999 0.912758 0.0654718 -0.0277873 0.71443 4
232.305 296.695 232.305 296.695 0.749964 -0.504501 -0.0584585 0.794622 1
252.425 286.778 252.425 286.778 0.615436 -0.132146 -0.0161038 0.892458 1
259.789 285.6 259.789 285.6 0.800543 0.0331122 -0.0563466 0.817332 1
509.609 409.652 509.609 409.652 2.18983 -0.0814377 -0.153175 0.561575 -1
477.743 392.973 477.743 392.973 0.779501 -0.0123675 -0.0300311 0.653458 3
353.174 319.083 353.174 319.083 1.08847 -0.256113 -0.116168 0.594664 4
354.469 316.175 354.469 316.175 1.01682 -0.237555 -0.103108 0.624098 4
501.605 390.781 501.605 390.781 0.777814 -0.010206 -0.0202427 0.789408 4
441.927 306.711 441.927 306.711 0.822206 0.0827351 -0.0401944 0.886986 4
501.736 306.303 501.736 306.303 0.967912 0.0944647 -0.0832485 0.66842 -1
776.311 283.434 776.311 283.434 1.12448 -0.0182616 -0.100134 0.736242 1
804.075 142.965 804.075 142.965 0.853362 0.0384644 -0.101473 0.726691 1
349.078 577.517 349.078 577.517 0.801067 0.0540846 0.0244722 0.547061 1
344.253 573.395 344.253 573.395 0.73172 -0.0273376 0.0201905 0.443432 1
260.716 507.65 260.716 507.65 0.519534 -0.0508804 0.013064 0.746222 2
195.755 455.335 195.755 455.335 0.745034 -0.0293475 -0.00466083 0.812679 1
417.065 536.223 417.065 536.223 0.773396 -0.00634775 0.0126952 0.643098 1
353.147 499.761 353.147 499.761 0.7796 -0.00424614 0.00898112 0.857551 1
353.147 499.761 353.147 499.761 0.784261 -0.0284171 0.00883704 0.858298 1
359.718 501.821 359.718 501.821 0.70704 0.276851 0.00849678 0.768235 1
421.437 530.493 421.437 530.493 0.668375 -0.0082157 0.0172118 0.834474 1
397.453 514.143 397.453 514.143 0.781921 -0.118609 0.0119816 0.836138 1
379.142 502.76 379.142 502.76 0.555981 0.016864 0.0163926 0.859661 1
471.799 457.445 471.799 457.445 1.07061 -0.10895 -0.0161841 0.868569 3
84.3802 252.277 84.3802 252.277 0.541299 0.162561 -0.0272809 0.682922 1
97.5331 215.874 97.5331 215.874 0.647437 0.137798 -0.0526206 0.738212 1
97.5331 215.874 97.5331 215.874 0.652304 0.107457 -0.0538813 0.746071 1
477.751 407.615 477.751 407.615 0.870066 -0.0683799 -0.028729 0.730859 3
477.751 407.615 477.751 407.615 0.864272 -0.0280525 -0.0282116 0.727258 3
257.194 289.848 257.194 289.848 0.811519 0.0435876 -0.0548303 0.836068 1
268.028 288.826 268.028 288.826 0.766726 0.0361795 -0.0469216 0.833198 1
472.31 389.828 472.31 389.828 0.899658 -0.0642947 -0.0427519 0.666744 3
472.032 383.622 472.032 383.622 0.842066 0.0624211 -0.0424736 0.608462 3
414.288 352.494 414.288 352.494 0.773441 0.69044 -0.0256884 0.769441 -1
365.744 309.763 365.744 309.763 0.906594 -0.130928 -0.063723 0.840359 4
771.201 281.678 771.201 281.678 1.83973 -0.295434 -0.230541 0.590959 1
348.533 567.751 348.533 567.751 0.940886 -0.179647 0.0242473 0.613087 1
286.154 512.652 286.154 512.652 0.788826 -0.111306 0.00619293 0.715408 2
516.172 511.666 516.172 511.666 0.481107 0.0246388 0.00641857 0.467016 4
520.247 505.722 520.247 505.722 0.852676 0.0323276 0.0111082 0.880252 4
471.615 464.42 471.615 464.42 0.829998 -0.0529186 0.00166476 0.912281 3
85.995 246.383 85.995 246.383 0.633886 0.102527 -0.0367703 0.794431 1
119.614 165.993 119.614 165.993 0.699631 -0.00617489 -0.117876 0.539178 1
569.69 380.466 569.69 380.466 0.774821 -0.0077219 -0.0371407 0.580382 -1
432.266 239.742 432.266 239.742 1.2188 0.362047 -0.164908 0.629031 -1
54.9908 521.741 54.9908 521.741 0.364941 -0.0108466 0.0129376 0.609702 -1
365.926 513.289 365.926 513.289 0.795573 -0.0309163 0.00998926 0.799254 1
299.296 421.186 299.296 421.186 0.893006 -0.166436 -0.0408021 0.586457 -1
101.129 305.846 101.129 305.846 0.690202 0.115702 -0.0330688 0.818028 1
263.739 276.888 263.739 276.888 0.501795 -0.0801684 -0.00270036 0.818501 1
687.238 330.857 687.238 330.857 0.896153 -0.089148 -0.0400779 0.881509 1
687.238 330.857 687.238 330.857 0.899415 -0.145894 -0.0404983 0.888822 1
678.196 205.8 678.196 205.8 0.848398 0.0983354 -0.0598102 0.92067 1
678.196 205.8 678.196 205.8 0.846061 0.112689 -0.0593207 0.917663 1
145.917 458.053 145.917 458.053 0.594006 0.0114689 0.00386569 0.776296 1
328.681 393.624 328.681 393.624 0.933924 -0.0324791 -0.0502032 0.649862 -1
163.673 288.288 163.673 288.288 0.846523 0.0348728 -0.0963647 0.57848 1
816.654 316.251 816.654 316.251 0.903572 -0.0144892 -0.0413682 0.879376 1
816.654 316.251 816.654 316.251 0.887201 0.0816126 -0.0392246 0.866791 1
39.0142 432.473 39.0142 432.473 0.511665 -0.0541581 0.00239168 0.729969 -1
181.832 157.822 181.832 157.822 0.507718 -0.640671 -0.048258 0.800753 1
765.584 289.677 765.584 289.677 0.744207 -0.0224767 -0.0345252 0.799133 1
366.606 321.503 366.606 321.503 0.716085 0.0174728 -0.0255072 0.86024 4
473.889 327.454 473.889 327.454 0.580983 0.126737 -0.0318213 0.530085 4
412.828 335.335 412.828 335.335 0.516615 0.19413 -0.0201059 0.543251 4
507.792 359.819 507.792 359.819 0.851273 -0.0188402 -0.0462916 0.677881 4
311.268 488.529 311.268 488.529 0.939863 -0.113648 -0.00683614 0.720802 2
302.931 491.264 302.931 491.264 1.14507 -0.0697219 -0.0102115 0.799059 2
370.011 496.74 370.011 496.74 0.696557 0.0396668 0.00984902 0.826193 1
375.353 500.809 375.353 500.809 0.642533 0.107376 0.00960606 0.7474 1
380.441 502.504 380.441 502.504 0.651767 0.102872 0.0121136 0.818822 1
338.563 504.465 338.563 504.465 0.661291 -0.0250908 0.0113859 0.808342 1
529.931 508.349 529.931 508.349 0.74618 -0.0134707 0.00844782 0.708746 4
417.419 525.554 417.419 525.554 0.690939 -0.13062 0.0133833 0.745699 1
434.343 530.136 434.343 530.136 0.774763 0.0751476 0.0173859 0.870227 1
423.162 530.601 423.162 530.601 0.675991 -0.00167147 0.0159936 0.792619 1
427.708 532.781 427.708 532.781 0.659374 0.23477 0.0183936 0.854461 1
47.9444 207.686 47.9444 207.686 0.577069 -0.103091 -0.0828609 0.506704 1
800.096 277.563 800.096 277.563 0.625219 0.0543441 -0.0280395 0.685327 -1
278.927 284.846 278.927 284.846 0.583696 0.230311 -0.0213318 0.726561 1
255.112 287.456 255.112 287.456 0.796582 0.0954245 -0.0563015 0.796197 1
293.162 288.593 293.162 288.593 0.929074 0.303127 -0.102282 0.554277 -1
288.777 291.417 288.777 291.417 0.908663 0.335409 -0.0883999 0.629392 1
181.097 299.976 181.097 299.976 0.786831 -0.189205 -0.0591982 0.797298 1
483.97 302.63 483.97 302.63 0.75992 0.0583168 -0.0278403 0.913765 4
425.719 314.294 425.719 314.294 0.56475 -0.0168485 -0.00948904 0.792846 4
361.295 322.295 361.295 322.295 0.887532 0.119713 -0.0504012 0.860332 4
508.053 364.975 508.053 364.975 0.801109 0.129842 -0.0302498 0.765399 4
386.628 393.078 386.628 393.078 0.795158 -0.0711148 -0.018862 0.861527 4
385.914 405.847 385.914 405.847 1.06536 -0.0211104 -0.0392805 0.885094 4
184.365 417.888 184.365 417.888 0.787162 -0.0296191 -0.0188333 0.807651 1
370.188 503.295 370.188 503.295 0.976305 -0.255136 0.00250367 0.813495 1
370.188 503.295 370.188 503.295 0.747647 -0.00600805 0.0105486 0.849154 1
361.08 503.528 361.08 503.528 0.629639 -0.108469 0.0134212 0.841158 1
350.383 578.396 350.383 578.396 0.807054 0.0365772 0.024614 0.519698 1
350.32 593.284 350.32 593.284 0.643978 -0.0304672 0.0244821 0.479451 1
437.383 431.499 437.383 431.499 0.692188 0.0948438 -0.00312781 0.799259 4
293.565 484.899 293.565 484.899 0.783579 -0.0251839 -0.00711989 0.602194 2
265.84 498.709 265.84 498.709 0.545185 -0.056723 0.00531326 0.60125 2
265.84 498.709 265.84 498.709 0.544271 0.120016 0.0053444 0.595228 2
304.147 513.118 304.147 513.118 0.816037 -0.0506617 0.00175717 0.595769 2
305.427 519.62 305.427 519.62 0.831657 0.0792635 0.000748159 0.49734 2
306.324 527.516 306.324 527.516 1.06429 0.242891 0.00628738 0.670585 2
264.724 539.544 264.724 539.544 0.718753 0.194589 0.00959525 0.518624 2
283.111 542.997 283.111 542.997 0.942667 0.0629194 0.0106955 0.532385 2
85.3657 247.749 85.3657 247.749 0.420269 0.205629 -0.0110159 0.588216 1
330.148 392.156 330.148 392.156 1.00778 -0.0921697 -0.0580499 0.670647 -1
260.948 278.437 260.948 278.437 0.779678 0.271096 -0.0561928 0.755816 1
365.422 304.555 365.422 304.555 0.917746 0.202755 -0.0581147 0.873314 4
688.128 331.861 688.128 331.861 0.733201 0.00998859 -0.0158027 0.90465 1
146.677 458.057 146.677 458.057 0.528077 -0.0152879 0.00704028 0.758859 1
290.297 271.756 290.297 271.756 0.941685 0.358469 -0.0929079 0.705413 1
296.935 284.812 296.935 284.812 0.827836 0.189315 -0.0545444 0.838316 -1
180.901 292.495 180.901 292.495 0.733654 0.0451164 -0.0782558 0.524127 1
424.497 416.224 424.497 416.224 0.642449 -0.0578479 -0.00520408 0.768894 4
313.819 513.082 313.819 513.082 1.04348 0.00128769 0.00338676 0.780971 2
380.211 519.972 380.211 519.972 0.599379 0.210568 0.0159519 0.814067 1
367.014 539.954 367.014 539.954 0.642532 0.0868272 0.0151992 0.697062 -1
82.2886 236.523 82.2886 236.523 0.529229 0.117986 -0.0224623 0.725097 1
207.5 453.679 207.5 453.679 0.557703 -0.0224844 -0.00237424 0.626494 1
112.686 514.219 112.686 514.219 0.533626 0.0714304 0.008432 0.61618 -1
75.6115 522.398 75.6115 522.398 0.635965 0.0389606 0.0109132 0.729771 1
179.881 299.487 179.881 299.487 0.730842 0.295697 -0.044907 0.741027 1
146.18 402.667 146.18 402.667 1.08703 -0.0251345 -0.0728565 0.609289 -1
351.788 319.909 351.788 319.909 0.87587 0.0789462 -0.0479153 0.883549 4
748.207 92.7063 748.207 92.7063 0.977479 0.0315934 -0.145512 0.783822 1
321.915 454.517 321.915 454.517 0.982866 0.0397322 -0.0160914 0.847034 -1
483.025 382.347 483.025 382.347 0.979439 -0.0255728 -0.0466305 0.758734 3
507.857 365.754 507.857 365.754 0.899645 0.141464 -0.0452628 0.716337 4
477.733 393.455 477.733 393.455 0.944865 0.0130259 -0.0412541 0.720456 3
466.442 409.474 466.442 409.474 1.03147 0.0713572 -0.0429969 0.713091 3
375.723 500.849 375.723 500.849 0.784089 0.183374 0.00660713 0.776719 1
427.724 532.987 427.724 532.987 0.676557 0.0384426 0.0180355 0.844527 1
407.763 254.759 407.763 254.759 1.08844 0.878143 -0.15796 0.308961 -1
362.537 322.254 362.537 322.254 0.891338 -0.00568227 -0.0480706 0.908273 4
473.983 310.893 473.983 310.893 0.805345 0.243065 -0.0618294 0.594856 3
501.71 302.16 501.71 302.16 1.31933 0.152168 -0.11528 0.911015 4
473.926 327.31 473.926 327.31 0.722107 0.186395 -0.0369722 0.684054 4
478.255 364.701 478.255 364.701 1.00899 0.0358573 -0.0620656 0.69606 3
478.255 364.701 478.255 364.701 1.03865 0.0965925 -0.0655708 0.688881 3
483.691 368.08 483.691 368.08 0.866071 -0.0261659 -0.0494897 0.632125 3
262.067 536.227 262.067 536.227 0.846377 0.14943 0.00596319 0.460475 2
501.848 362.217 501.848 362.217 0.996346 0.0703527 -0.0474088 0.857701 4
473.296 390.469 473.296 390.469 0.858899 -0.0270525 -0.0268951 0.820982 3
477.463 408.445 477.463 408.445 1.01132 0.00672705 -0.0423872 0.703081 3
502.413 391.67 502.413 391.67 0.889535 0.0076429 -0.0361555 0.71595 4
502.413 391.67 502.413 391.67 0.889748 0.0080583 -0.0361766 0.715909 4
508.177 387.294 508.177 387.294 0.77361 0.00850159 -0.0106899 0.924866 4
473.265 413.424 473.265 413.424 0.956137 0.0485755 -0.031853 0.756492 3
365.414 506.764 365.414 506.764 1.00445 0.0394563 3.19268e-06 0.721174 1
472.572 458.399 472.572 458.399 0.926638 0.0159847 -0.00638659 0.884992 3
576.213 384.95 576.213 384.95 0.887638 0.0138337 -0.0307216 0.799283 -1
576.213 384.95 576.213 384.95 0.889821 0.0180902 -0.0309393 0.798858 -1
338.028 592.607 338.028 592.607 0.85212 -0.0210219 0.0311018 0.475193 1
510.555 603.87 510.555 603.87 0.827804 0.290725 0.0359975 0.680508 -1
101.95 206.91 101.95 206.91 0.747025 0.197355 -0.108157 0.542824 1
103.98 502.591 103.98 502.591 0.706252 0.204418 -0.00603258 0.470773 1
456.178 313.673 456.178 313.673 1.04092 0.164852 -0.0706907 0.883683 4
496.36 299.405 496.36 299.405 0.790826 0.00344784 -0.0444684 0.813652 4
291.866 513.323 291.866 513.323 0.718362 -0.00185729 0.00467202 0.616014 2
882.602 130.476 882.602 130.476 0.929836 -0.160561 -0.0954267 0.951844 1
423.971 523.788 423.971 523.788 0.875737 -0.0530029 0.0125549 0.807118 1
87.9086 212.786 87.9086 212.786 0.727551 0.179027 -0.11253 0.476077 1
41.4871 310.786 41.4871 310.786 0.698023 0.258878 -0.0380393 0.763866 1
5.96438 428.245 5.96438 428.245 0.759565 0.0559965 -0.0163058 0.809672 -1
289.281 271.251 289.281 271.251 0.988158 0.128327 -0.104799 0.730122 1
76.0734 430.045 76.0734 430.045 0.833752 0.0573088 -0.0186506 0.84656 3
119.386 419.867 119.386 419.867 1.06089 -0.00268186 -0.0603416 0.610371 3
320.601 411.573 320.601 411.573 1.27281 -0.0933724 -0.0623036 0.831219 -1
299.825 498.511 299.825 498.511 0.963383 0.0781523 -0.00556549 0.666968 2
350.044 539.602 350.044 539.602 0.927182 -0.340015 0.0154886 0.754118 1
176.192 292.741 176.192 292.741 0.851735 0.135257 -0.0635729 0.825803 1
176.192 292.741 176.192 292.741 0.89583 0.229538 -0.0720025 0.807779 1
8.95392 435.023 8.95392 435.023 0.736915 0.0210436 -0.00968579 0.846604 -1
127.358 350.61 127.358 350.61 0.961793 -0.088779 -0.0855228 0.623899 3
266.488 269.139 266.488 269.139 0.765431 0.305026 -0.0486644 0.805793 1
266.488 269.139 266.488 269.139 0.787277 0.364298 -0.0530515 0.79389 1
408.477 415.125 408.477 415.125 0.501532 0.0200697 -0.00766313 0.546543 4
386.72 189.917 386.72 189.917 0.931732 0.0133333 -0.143357 0.603406 0
119.915 457.139 119.915 457.139 0.542283 -0.205984 0.00734676 0.795916 1
200.4 453.226 200.4 453.226 0.583918 -0.177165 0.00201512 0.749004 1
655.857 81.8169 655.857 81.8169 1.12074 0.285194 -0.189141 0.758014 -1
307.841 413.9 307.841 413.9 1.14706 -0.00910367 -0.0485264 0.843284 -1
283.127 517.442 283.127 517.442 1.0099 0.0301968 0.000425734 0.631618 2
346.178 505.934 346.178 505.934 0.973586 0.0372112 -0.00209949 0.660483 1
373.879 495.192 373.879 495.192 0.920505 0.00247817 0.00260321 0.836938 1
527.659 220.735 527.659 220.735 1.49369 0.19503 -0.250278 0.486482 -1
34.6205 318.766 34.6205 318.766 0.957302 0.147469 -0.0825726 0.797964 1
9.69822 426.65 9.69822 426.65 0.723735 0.0326572 -0.0100525 0.851851 -1
204.909 411.319 204.909 411.319 0.859012 0.0208261 -0.0304045 0.765966 1
299.326 295.59 299.326 295.59 0.884362 -0.00529024 -0.0739496 0.762394 -1
311.125 410.918 311.125 410.918 1.13504 -0.0378677 -0.0653838 0.605098 -1
289.803 489.783 289.803 489.783 0.84998 -0.0218891 -0.00656239 0.638048 2
293.413 511.321 293.413 511.321 0.767971 -0.00927976 0.00401732 0.647592 2
316.694 529.837 316.694 529.837 1.08719 -0.0727501 0.00191834 0.486192 2
411.462 309.123 411.462 309.123 0.739308 -0.0166021 -0.0553411 0.621916 -1
385.579 506.171 385.579 506.171 0.738358 -0.0660981 0.0111247 0.835012 1
464.424 347.433 464.424 347.433 0.934305 0.0685131 -0.0413986 0.914067 4
412.242 523.872 412.242 523.872 0.769858 -0.00910604 0.0153072 0.853699 1
422.835 531.016 422.835 531.016 0.747682 -0.0543388 0.0175193 0.863954 1
511.682 462.98 511.682 462.98 0.83121 -0.0572282 -0.00988063 0.669961 4
564.431 400.921 564.431 400.921 0.785078 0.00705619 -0.0140251 0.837589 -1
783.598 150.862 783.598 150.862 1.0644 -0.299361 -0.156581 0.755869 1
73.3267 422.525 73.3267 422.525 0.665323 0.0135642 -0.0143819 0.710225 3
112.633 413.05 112.633 413.05 0.949104 -0.0270172 -0.0622065 0.48836 3
136.914 457.562 136.914 457.562 0.622543 -0.0567284 0.00651534 0.865569 3
222.054 453.91 222.054 453.91 0.600798 -0.0904891 -0.0106725 0.532505 1
222.054 453.91 222.054 453.91 0.610508 -0.014518 -0.00274897 0.685765 1
293.62 262.502 293.62 262.502 0.719216 -0.00769549 -0.0384291 0.882185 1
332.615 513.172 332.615 513.172 0.694285 -0.0133252 0.0132468 0.83722 1
370.182 499 370.182 499 1.02155 0.0604084 0.0016179 0.859234 1
369.189 513.685 369.189 513.685 0.842514 -0.00992749 0.0112889 0.859696 1
349.772 577.743 349.772 577.743 0.808049 0.0603576 0.023507 0.447442 1
408.135 528.381 408.135 528.381 0.788753 -0.0449135 0.0164067 0.862328 1
593.284 73.1065 593.284 73.1065 0.703875 0.101627 -0.0511931 0.928253 1
517.951 367.657 517.951 367.657 0.58129 -0.0969465 -0.00801431 0.743118 4
101.964 428.415 101.964 428.415 0.643995 -0.0161225 -0.00498202 0.794003 1
130.845 456.143 130.845 456.143 0.723552 -0.0370333 -0.000695186 0.867164 3
190.507 292.205 190.507 292.205 0.595226 -0.0795338 -0.0263007 0.762493 1
204.162 452.084 204.162 452.084 0.64256 -0.0602853 -0.00222545 0.741296 1
299.27 499.483 299.27 499.483 0.916177 0.0301651 0.00146646 0.793307 2
462.574 357.533 462.574 357.533 0.87138 0.0346484 -0.0339392 0.876891 4
484.206 355.095 484.206 355.095 0.737458 -0.0325981 -0.015737 0.905731 3
427.525 539.229 427.525 539.229 0.646171 -0.0225121 0.0117554 0.534046 1
483.653 371.834 483.653 371.834 0.85984 -0.000748588 -0.0528177 0.559778 3
472.883 461.892 472.883 461.892 0.548078 -0.0288972 0.0102485 0.792685 3
349.99 571.652 349.99 571.652 0.843118 0.0102159 0.0269224 0.807856 1
88.2919 233.068 88.2919 233.068 0.578031 -0.0389769 -0.0352967 0.760394 1
88.2919 233.068 88.2919 233.068 0.498323 -0.0907591 -0.0156535 0.773156 1
143.566 492.721 143.566 492.721 0.417166 -0.140622 0.00818412 0.585311 -1
101.433 332.384 101.433 332.384 0.734875 -0.115797 -0.0337642 0.866159 3
98.683 220.745 98.683 220.745 1.00501 0.0414084 -0.132445 0.832473 1
293.282 525.976 293.282 525.976 1.02594 -0.178281 0.00265776 0.572524 2
293.023 492.5 293.023 492.5 0.983206 -0.0544515 -0.00377216 0.795702 2
293.023 492.5 293.023 492.5 1.00821 -0.12132 -0.00471457 0.798223 2
314.863 505.441 314.863 505.441 0.983033 -0.0724137 -0.00488662 0.615359 2
313.309 453.28 313.309 453.28 1.10208 -0.101936 -0.0233496 0.875399 -1
335.48 506.115 335.48 506.115 0.874256 -0.00981621 1.67825e-05 0.649116 1
348.996 498.492 348.996 498.492 0.999571 -0.0850855 -0.00513381 0.691737 1
348.996 498.492 348.996 498.492 0.966605 -0.0183786 -0.00408204 0.689609 1
484.778 602.221 484.778 602.221 1.60562 -1.05973 0.065637 0.485768 -1
488.191 602.198 488.191 602.198 1.43615 -0.966889 0.0588509 0.485649 -1
467.352 468.928 467.352 468.928 0.931856 -0.0163703 -0.010191 0.738166 3
478.113 467.499 478.113 467.499 0.991663 -0.00142868 -0.0134636 0.737797 3
775.623 283.222 775.623 283.222 2.08144 -0.134821 -0.238586 0.842687 1
716.042 23.9405 716.042 23.9405 1.58551 0.00768591 -0.421109 0.51297 1
817.844 323.525 817.844 323.525 0.934808 -0.0191137 -0.045922 0.847406 1
91.2197 522.15 91.2197 522.15 0.695132 0.0434772 0.00280329 0.516312 -1
293.992 510.567 293.992 510.567 0.770702 -0.0129964 0.00797368 0.764845 2
266.935 275.939 266.935 275.939 0.84843 0.00197858 -0.0770616 0.750424 1
388.172 241.89 388.172 241.89 0.958084 0.264924 -0.0960346 0.781507 0
463.079 469.649 463.079 469.649 0.923341 -0.017378 -0.00831041 0.765509 3
459.138 341.38 459.138 341.38 1.89169 0.00570903 -0.174895 0.900144 4
467.968 364.666 467.968 364.666 0.880113 -0.0657969 -0.0573699 0.582254 -1
427.314 233.758 427.314 233.758 1.15284 -0.194435 -0.125764 0.97798 -1
481.302 345.344 481.302 345.344 0.849949 0.0233653 -0.0300862 0.925274 4
504.925 296.095 504.925 296.095 0.80233 -0.0554958 -0.0775008 0.527835 -1
604.211 396.607 604.211 396.607 0.953806 -0.0323774 -0.0360306 0.749728 -1
657.329 181.018 657.329 181.018 0.99212 -0.0350785 -0.0982593 0.958687 1
808.393 120.088 808.393 120.088 0.828824 -0.0746003 -0.110882 0.695932 -1
195.678 453.465 195.678 453.465 0.82871 -0.0107787 -0.00946332 0.836264 1
255.039 546.977 255.039 546.977 0.768988 -0.0718764 0.0110451 0.480532 2
179.485 292.464 179.485 292.464 0.563643 0.034075 -0.00820746 0.847229 1
269.535 289.72 269.535 289.72 0.691329 -0.378043 -0.0354029 0.884231 1
369.939 498.978 369.939 498.978 0.876238 0.0678343 0.00608126 0.858757 1
309.164 278.396 309.164 278.396 1.60461 0.146741 -0.24888 0.460577 -1
408.117 528.981 408.117 528.981 0.779417 -0.0715311 0.0122596 0.711223 1
411.853 523.85 411.853 523.85 0.66482 -0.0117826 0.0093622 0.599081 1
422.361 531.608 422.361 531.608 0.644135 0.0356808 0.0135644 0.675409 1
422.361 531.608 422.361 531.608 0.675724 -0.00842589 0.0133245 0.675744 1
384.381 407.997 384.381 407.997 1.07184 -0.038527 -0.0532158 0.677212 4
506.247 398.824 506.247 398.824 0.968659 -0.042181 -0.0451996 0.658564 4
204.431 451.878 204.431 451.878 0.60251 -0.00279709 -0.0035148 0.666407 1
166.151 288.64 166.151 288.64 0.810296 0.02042 -0.0760292 0.690595 1
280.762 515.213 280.762 515.213 0.751705 -0.00272393 0.00471268 0.615568 2
254.323 280.962 254.323 280.962 0.825283 -0.0419307 -0.0719294 0.750929 1
472.565 401.165 472.565 401.165 0.891194 -0.0158817 -0.0326729 0.732087 3
461.777 357.212 461.777 357.212 0.826487 0.0541172 -0.0250126 0.914787 4
472.96 386.442 472.96 386.442 0.85187 -0.00146706 -0.0317147 0.76023 3
507.39 369.192 507.39 369.192 0.819444 -0.00351514 -0.0359173 0.720385 4
95.4619 228.747 95.4619 228.747 0.484398 -0.047462 -0.0523818 0.486904 1
282.424 542.364 282.424 542.364 0.822523 0.00570152 0.00920727 0.472242 2
399.304 520.867 399.304 520.867 0.624069 0.0270555 0.0100142 0.62694 1
143.901 492.296 143.901 492.296 0.375857 -0.108419 0.00751602 0.529665 -1
366.215 430.833 366.215 430.833 0.910221 0.0663465 -0.0279384 0.698139 4
600.857 96.1242 600.857 96.1242 0.610144 -0.0628243 -0.0573059 0.749502 1
694.686 28.0294 694.686 28.0294 0.531818 0.143097 0.00465098 0.939918 1
30.2971 476.496 30.2971 476.496 0.541552 -0.023004 -0.00564206 0.506517 1
92.1953 265.964 92.1953 265.964 0.668247 -0.0227416 -0.0550171 0.709201 1
377.662 405.209 377.662 405.209 0.844504 -0.0587101 -0.0466447 0.486477 4
291.438 533.165 291.438 533.165 0.841444 -0.188695 0.00675963 0.525483 2
286.884 518.656 286.884 518.656 0.886143 -0.353426 -0.000475594 0.519967 2
296.246 508.271 296.246 508.271 0.994768 -0.0251058 0.000966452 0.752791 2
175.658 409.477 175.658 409.477 0.583463 -0.059222 0.00178087 0.843139 1
304.526 486.004 304.526 486.004 0.970545 -0.00565833 -0.0107213 0.684391 2
328.742 454.288 328.742 454.288 0.911005 0.204694 -0.0167533 0.741391 -1
325.47 419.822 325.47 419.822 1.1397 -0.360191 -0.0477471 0.816975 -1
97.1116 219.666 97.1116 219.666 0.82452 -0.0902089 -0.0881018 0.85781 1
430.228 427.161 430.228 427.161 0.981984 -0.183467 -0.029937 0.768473 4
432.882 424.298 432.882 424.298 0.905951 0.0414945 -0.0328418 0.62457 4
476.535 365.023 476.535 365.023 0.884809 0.15143 -0.0463501 0.694402 3
511.509 361.225 511.509 361.225 0.831223 0.0100235 -0.0314036 0.8213 4
474.583 310.403 474.583 310.403 1.09388 -0.370483 -0.0888736 0.871385 0
481.639 309.224 481.639 309.224 1.04381 -0.287055 -0.0698264 0.975386 4
804.433 142.921 804.433 142.921 0.959099 0.0327765 -0.0919892 0.975803 1
52.0978 461.339 52.0978 461.339 0.562376 -0.137968 0.00680422 0.806058 1
144.23 487.98 144.23 487.98 0.734459 0.00852793 -0.00713701 0.571454 -1
349.784 592.026 349.784 592.026 0.888848 0.211998 0.0318294 0.44676 1
296.455 544.81 296.455 544.81 0.927448 -0.0791619 0.0102012 0.468814 2
125.033 419.034 125.033 419.034 0.768591 0.0349145 -0.0238677 0.71714 3
309.47 495.024 309.47 495.024 1.00403 -0.00706222 -0.0139955 0.533755 2
479.734 602.272 479.734 602.272 0.837047 -0.866565 0.0353148 0.588178 -1
417.373 536.884 417.373 536.884 0.890428 -0.30385 0.0176883 0.847421 1
521.064 505.893 521.064 505.893 0.92254 0.00229358 0.0066888 0.795134 4
503.619 467.557 503.619 467.557 0.889459 -0.0309367 -0.011204 0.670695 4
268.525 289.11 268.525 289.11 0.815231 0.0290756 -0.0618718 0.782126 1
491.265 407.202 491.265 407.202 0.850993 -0.0249642 -0.0276776 0.714813 4
472.36 389.494 472.36 389.494 0.839579 0.00996396 -0.032825 0.71325 3
478.596 392.86 478.596 392.86 0.790314 0.0226703 -0.0325816 0.629591 3
365.991 310.026 365.991 310.026 0.884744 -0.0038946 -0.0523714 0.893387 4
472.764 360.64 472.764 360.64 0.878093 -0.0610106 -0.0490263 0.698089 3
496.093 358.079 496.093 358.079 0.807653 0.0326456 -0.0255963 0.869808 4
115.346 458.619 115.346 458.619 0.833703 -0.0395161 -0.0312782 0.46505 3
151.212 423.766 151.212 423.766 0.935661 -0.0617599 -0.0367839 0.740571 1
279.321 515.996 279.321 515.996 0.79042 0.0185171 0.00881396 0.760966 2
196.297 455.044 196.297 455.044 0.818854 -0.0236737 -0.01227 0.7691 1
287.255 512.721 287.255 512.721 0.872986 -0.111878 0.00419799 0.71408 2
184.21 421.557 184.21 421.557 0.519492 -0.106765 0.000922457 0.726364 1
516.271 512.098 516.271 512.098 1.06388 0.02893 0.00657013 0.816482 4
471.823 464.363 471.823 464.363 0.809109 0.126016 0.00153323 0.877813 3
265.76 276.523 265.76 276.523 0.705018 -0.366638 -0.0389872 0.903765 1
496.043 413.03 496.043 413.03 0.73468 0.00846045 -0.0300237 0.491289 4
428.832 356.51 428.832 356.51 0.55469 -0.15279 0.000889998 0.853098 4
483.704 369.076 483.704 369.076 0.679945 0.066393 -0.0382292 0.489097 3
507.254 366.419 507.254 366.419 0.734065 0.0781503 -0.0317062 0.650977 4
569.87 380.122 569.87 380.122 0.708541 0.0233068 -0.0345935 0.520778 -1
387.646 242.184 387.646 242.184 0.593177 0.0892753 -0.0106518 0.888419 0
349.109 539.102 349.109 539.102 1.00957 0.215011 0.0166262 0.815612 1
327.97 420.169 327.97 420.169 0.808518 0.0656512 -0.018214 0.787608 -1
355.76 309.085 355.76 309.085 0.972386 -0.282814 -0.0703119 0.910161 4
75.0581 429.783 75.0581 429.783 0.74809 0.0137372 -0.0119595 0.832129 3
181.058 150.354 181.058 150.354 0.85996 0.00755942 -0.12102 0.812986 1
386.115 260.191 386.115 260.191 0.627806 -0.363175 -0.0604533 0.598151 0
816.91 316.441 816.91 316.441 0.832161 0.124991 -0.0318696 0.862216 1
695.026 30.3236 695.026 30.3236 1.05465 -0.124901 -0.221742 0.701828 1
286.414 270.037 286.414 270.037 0.720072 0.231743 -0.0391674 0.818312 1
286.414 270.037 286.414 270.037 0.872744 -0.289657 -0.0988828 0.677786 1
63.869 475.977 63.869 475.977 0.458218 -0.0108412 0.00187432 0.552051 1
48.2431 207.672 48.2431 207.672 0.448398 -0.216121 -0.046288 0.547828 1
289.681 284.46 289.681 284.46 0.933543 0.59886 -0.0981997 0.558825 1
707.915 351.805 707.915 351.805 0.730172 0.163718 -0.016502 0.823174 1
520.028 363.586 520.028 363.586 0.701792 0.0392664 -0.0122923 0.857077 4
440.834 482.855 440.834 482.855 0.916136 -0.468286 0.00094362 0.889719 4
304.933 491.284 304.933 491.284 0.861781 0.0294467 -0.00631676 0.633363 2
380.661 508.283 380.661 508.283 0.62721 -0.0618731 0.0148064 0.853722 1
412.655 523.926 412.655 523.926 0.935844 0.0851058 0.00694015 0.63426 1
429.53 532.673 429.53 532.673 0.951235 -0.40653 0.0166763 0.870517 1
574.268 565.403 574.268 565.403 1.36892 -0.719725 0.0358218 0.855558 -1
351.23 578.351 351.23 578.351 0.687855 -0.0519954 0.0217208 0.50855 1
81.8386 244.008 81.8386 244.008 0.670651 -0.0421013 -0.047973 0.815415 1
70.719 249.68 70.719 249.68 0.562241 0.0482982 -0.0178031 0.820795 1
271.014 282.353 271.014 282.353 0.766124 0.265689 -0.0526194 0.753714 1
293.035 288.391 293.035 288.391 1.10935 0.521174 -0.106582 0.768961 1
280.253 292.598 280.253 292.598 0.639416 0.66019 -0.0287959 0.66239 1
818.505 318.916 818.505 318.916 0.837726 -0.188091 -0.0377305 0.835653 1
363.238 322.088 363.238 322.088 0.80589 0.258929 -0.0365941 0.850396 4
388.584 392.973 388.584 392.973 0.751104 -0.06042 -0.0109229 0.906695 4
419.727 404.487 419.727 404.487 0.495601 -0.065942 0.0135214 0.868795 4
312.785 461.076 312.785 461.076 1.03953 0.293719 -0.0207555 0.762388 -1
288.049 520.558 288.049 520.558 0.904082 0.135788 0.00650394 0.70797 2
365.887 305.429 365.887 305.429 0.83874 0.413509 -0.0510978 0.775412 4
78.6703 420.324 78.6703 420.324 0.816013 0.252579 -0.0363052 0.597921 -1
366.497 516.538 366.497 516.538 0.53779 0.0284272 0.0103624 0.634762 1
412.3 517.892 412.3 517.892 0.825219 -0.222689 0.01195 0.82094 1
368.782 523.692 368.782 523.692 0.831463 -0.0253867 0.0142706 0.857742 1
306.388 527.473 306.388 527.473 0.77662 0.285235 0.00953074 0.65715 2
284.336 543.107 284.336 543.107 0.771118 0.0533538 0.0121162 0.572644 2
103.489 217.025 103.489 217.025 0.559479 -0.00728507 -0.0574984 0.587428 1
688.996 331.998 688.996 331.998 0.707305 0.0865823 -0.013481 0.8827 1
107.228 417.253 107.228 417.253 0.689996 -0.00129611 -0.0171732 0.717491 1
39.6537 422.675 39.6537 422.675 0.559254 -0.00878968 -0.00633934 0.688971 1
384.803 510.09 384.803 510.09 0.661718 0.0768635 0.00916861 0.706243 1
87.5104 512.526 87.5104 512.526 0.551115 -0.0265768 0.00812951 0.636649 -1
263.754 278.163 263.754 278.163 0.777763 0.538184 -0.0557633 0.702269 1
70.6499 430.417 70.6499 430.417 0.605075 0.0216366 -0.0169859 0.568991 1
181.83 452.723 181.83 452.723 0.659939 -0.0154532 -0.00147739 0.7789 1
380.97 520.218 380.97 520.218 0.584387 -0.0339858 0.0171159 0.850858 1
380.97 520.218 380.97 520.218 0.583307 0.124895 0.0171333 0.848292 1
690.849 33.4801 690.849 33.4801 0.836741 -0.0149295 -0.160434 0.611844 1
145.381 411.743 145.381 411.743 0.606386 -0.0221698 -0.0239293 0.519961 1
125.237 458.349 125.237 458.349 0.601227 -0.0339477 0.00572883 0.825274 1
271.285 279.249 271.285 279.249 0.77518 -0.150006 -0.0573882 0.815057 1
404.775 405.638 404.775 405.638 0.725965 -0.091771 -0.0244543 0.641164 4
157.315 521.588 157.315 521.588 0.503137 0.01568 0.00503655 0.449859 -1
264.365 285.472 264.365 285.472 0.623129 0.195485 -0.0304107 0.720355 1
478.348 278.087 478.348 278.087 0.612318 -0.0950722 -0.0154382 0.862282 3
483.187 318.273 483.187 318.273 0.712892 0.267209 -0.0176543 0.881412 4
267.173 493.623 267.173 493.623 0.590539 0.0117901 0.00253195 0.594705 2
424.99 530.085 424.99 530.085 0.649637 -0.00668161 0.0138494 0.711453 1
428.03 233.872 428.03 233.872 0.721782 0.138891 -0.0436457 0.835448 -1
72.2018 423.677 72.2018 423.677 0.529665 -0.211624 -0.0104323 0.596951 3
355.277 309.004 355.277 309.004 1.0804 0.331918 -0.0838893 0.850815 4
375.733 324.055 375.733 324.055 1.39694 0.44035 -0.124713 0.835623 4
889.323 99.6745 889.323 99.6745 1.63126 -0.206373 -0.283933 0.976896 1
296.848 484.724 296.848 484.724 0.894017 0.0473593 -0.0126098 0.583022 2
302.775 513.096 302.775 513.096 0.854514 -0.0550298 0.002887 0.653976 2
367.585 515.434 367.585 515.434 0.897797 0.0380073 0.00980921 0.83394 1
58.1877 206.718 58.1877 206.718 0.702167 0.3712 -0.0993794 0.489362 1
297.628 284.987 297.628 284.987 1.02054 -0.497866 -0.0936834 0.938931 -1
284.875 521.81 284.875 521.81 0.740542 0.0284827 0.00809315 0.658511 2
261.353 277.937 261.353 277.937 0.54547 -0.501671 -0.0113936 0.900468 1
422.685 345.668 422.685 345.668 0.773226 0.295463 -0.0313147 0.775763 4
464.068 340.883 464.068 340.883 0.790674 0.274992 -0.030218 0.81976 4
818.468 316.784 818.468 316.784 0.961183 -0.159551 -0.0613172 0.752815 1
818.468 316.784 818.468 316.784 0.892346 -0.309013 -0.0523321 0.772323 1
402.076 522.286 402.076 522.286 0.726418 0.140969 0.0122206 0.747178 1
219.495 170.639 219.495 170.639 0.92625 0.382444 -0.119585 0.772376 -1
103.274 177.541 103.274 177.541 0.373061 -0.605105 -0.000735174 0.830066 1
208.154 452.953 208.154 452.953 0.70471 0.335983 -0.0033758 0.769011 1
208.154 452.953 208.154 452.953 0.688635 -0.00238013 -0.000518038 0.822168 1
161.448 157.367 161.448 157.367 0.732164 0.240527 -0.106777 0.593682 1
70.1122 332.238 70.1122 332.238 0.564118 0.0609349 -0.0311748 0.599123 1
9.49036 426.736 9.49036 426.736 0.930041 0.0377022 -0.0310388 0.846014 -1
51.0223 460.32 51.0223 460.32 0.702321 0.281183 -0.00829132 0.692856 1
288.584 291.164 288.584 291.164 0.973891 0.0481612 -0.0822769 0.842265 1
474.198 326.782 474.198 326.782 0.860998 0.39837 -0.0368351 0.871693 4
502.011 301.09 502.011 301.09 0.872877 -0.0497435 -0.0448941 0.939286 4
41.5623 310.209 41.5623 310.209 0.801187 0.369684 -0.0631986 0.697329 1
284.182 279.843 284.182 279.843 1.14364 0.214571 -0.119347 0.812625 1
221.887 453.965 221.887 453.965 0.711641 -0.0264757 -0.0076855 0.720194 1
424.984 234.001 424.984 234.001 1.36576 0.054033 -0.226071 0.491635 -1
434.215 313.579 434.215 313.579 1.10041 0.0416815 -0.106159 0.651714 4
292.059 512.629 292.059 512.629 0.803651 -0.0315562 0.00120318 0.580843 2
303.274 511.702 303.274 511.702 0.934526 -0.0383921 0.00128177 0.676631 2
91.8576 521.497 91.8576 521.497 0.807856 0.00288958 0.00170494 0.564441 -1
300.577 498.427 300.577 498.427 0.863568 0.0636626 -0.00102928 0.698152 2
679.623 205.446 679.623 205.446 0.979197 -0.103094 -0.0949801 0.901867 1
520.671 505.03 520.671 505.03 0.835238 -0.00235258 0.0115215 0.886779 4
760.673 246.017 760.673 246.017 1.07826 -0.0946401 -0.141171 0.477256 1
276.307 268.672 276.307 268.672 0.488743 -0.239008 -0.00730907 0.798098 1
406.882 256.777 406.882 256.777 0.917453 0.723228 -0.117417 0.392441 -1
288.571 505.847 288.571 505.847 0.842494 -0.00858407 0.00342834 0.734937 2
533.059 233.749 533.059 233.749 1.06259 0.921179 -0.16135 0.258861 -1
437.282 527.581 437.282 527.581 0.838322 -0.387024 0.0153337 0.841235 -1
85.9137 493.571 85.9137 493.571 0.918211 -0.0242433 -0.00632039 0.748961 1
201.373 452.401 201.373 452.401 0.605705 -0.172541 0.00430794 0.820905 1
400.926 245.528 400.926 245.528 1.38624 -0.0841767 -0.194355 0.752909 0
284.574 538.995 284.574 538.995 0.877204 -0.00651705 0.0128597 0.675291 2
425.932 412.662 425.932 412.662 0.547051 -0.00465119 0.0108372 0.884667 4
410.46 194.101 410.46 194.101 0.820487 -0.0844453 -0.125848 0.53195 0
570.552 177.711 570.552 177.711 0.338996 -0.0260046 0.0489395 0.94021 -1
290.219 489.386 290.219 489.386 0.88024 -0.00711792 -0.0082723 0.629294 2
311.354 408.806 311.354 408.806 1.09514 -0.00837755 -0.0512652 0.766439 -1
315.807 498.533 315.807 498.533 1.14448 -0.0311816 -0.0149417 0.577214 2
367.003 505.428 367.003 505.428 1.27698 0.100039 -0.0161626 0.492993 1
438.048 423.313 438.048 423.313 0.88652 -0.00772877 -0.0365287 0.556647 4
465.362 387.396 465.362 387.396 0.830374 -0.079826 -0.0356503 0.683098 3
465.011 401.762 465.011 401.762 0.965282 -0.0588561 -0.0483757 0.609063 3
475.98 385.979 475.98 385.979 0.966071 -0.0266076 -0.0456433 0.736071 3
478.426 391.006 478.426 391.006 0.911345 -0.082566 -0.0424466 0.68021 3
462.346 468.427 462.346 468.427 1.06648 0.0403943 -0.0198811 0.684515 3
442.458 600.686 442.458 600.686 1.13119 -0.619675 0.0466714 0.643471 -1
502.523 389.365 502.523 389.365 0.895854 -0.102094 -0.0436436 0.643567 4
502.523 389.365 502.523 389.365 0.962155 -0.0632586 -0.0502984 0.639669 4
505.267 383.437 505.267 383.437 0.793555 -0.0785333 -0.0143237 0.925247 -1
553.146 388.59 553.146 388.59 2.06315 -0.15563 -0.150433 0.752052 -1
70.8871 414.889 70.8871 414.889 0.788871 -0.000121143 -0.0295809 0.707593 -1
195.502 451.571 195.502 451.571 0.856015 -0.0140221 -0.0186212 0.724867 1
322.831 411.361 322.831 411.361 0.971246 -0.0573555 -0.0361159 0.796763 -1
316.087 487.622 316.087 487.622 0.854147 -0.0154091 -0.00726535 0.634561 2
332.228 513.277 332.228 513.277 0.923474 0.0495282 0.00862029 0.847029 1
422.881 529.175 422.881 529.175 0.752496 -0.0296569 0.0141126 0.761226 1
481.681 371.094 481.681 371.094 0.845725 -0.048094 -0.0522446 0.556571 3
511.196 397.989 511.196 397.989 0.898244 -0.0372515 -0.0321281 0.754283 -1
511.196 397.989 511.196 397.989 0.837777 -0.0195753 -0.0325802 0.663686 4
295.939 283.647 295.939 283.647 0.911713 0.0202649 -0.0902956 0.700767 -1
356.032 309.862 356.032 309.862 0.758491 -0.0148586 -0.0533326 0.690837 4
390.106 188.814 390.106 188.814 1.15133 -0.00736104 -0.209657 0.526787 0
315.151 510.51 315.151 510.51 1.19619 0.00401467 -0.00604017 0.658632 2
51.4675 311.949 51.4675 311.949 4.12795 -0.670479 -0.722892 0.570921 -1
303.837 514.37 303.837 514.37 1.0775 0.0570076 -0.00256593 0.621246 2
350.181 572.495 350.181 572.495 0.69606 -0.110021 0.0230787 0.717351 1
397.494 244.243 397.494 244.243 0.811612 0.0112745 -0.0764979 0.733655 0
70.9869 472.275 70.9869 472.275 0.67794 0.00624519 -0.00948335 0.595696 -1
75.2786 433.734 75.2786 433.734 0.669007 -0.00656181 -0.0233536 0.549062 1
116.488 417.205 116.488 417.205 0.996758 -0.0515221 -0.0579855 0.58185 3
313.309 453.199 313.309 453.199 1.16687 -0.131412 -0.0275996 0.877553 -1
310.797 409.563 310.797 409.563 1.12413 -0.0734027 -0.0618724 0.655518 -1
316.462 410.406 316.462 410.406 1.10442 -0.0728416 -0.0503378 0.784107 -1
318.776 367.61 318.776 367.61 1.03006 -0.065212 -0.0787137 0.599718 -1
315.564 325.932 315.564 325.932 1.13906 -0.0336434 -0.122254 0.559146 -1
462.876 468.382 462.876 468.382 1.10197 -0.00269061 -0.0166004 0.791557 3
475.003 460.756 475.003 460.756 1.07818 -0.0254243 -0.0123011 0.918359 3
475.489 370.779 475.489 370.779 0.922404 -0.011798 -0.0373233 0.856401 3
521.55 503.822 521.55 503.822 1.25619 -0.00813615 -0.00288733 0.779537 4
650.996 237.941 650.996 237.941 0.998968 -0.0533318 -0.0896878 0.878235 1
772.324 255.712 772.324 255.712 1.94024 -0.2749 -0.273812 0.589913 1
47.7177 422.015 47.7177 422.015 0.946467 -0.0136269 -0.0412045 0.744966 -1
79.5302 236.312 79.5302 236.312 0.818541 -0.00935769 -0.0907278 0.772896 1
195.418 451.985 195.418 451.985 1.00699 -0.0137478 -0.0465148 0.42696 1
179.655 292.321 179.655 292.321 0.76453 0.0392799 -0.0470391 0.843034 1
321.578 455.312 321.578 455.312 0.848958 -0.0269412 -0.0175269 0.65895 -1
374.35 498.26 374.35 498.26 0.821871 -0.0135415 0.00704112 0.847595 1
383.82 406.649 383.82 406.649 1.37083 -0.0224424 -0.0717665 0.829355 4
411.744 522.045 411.744 522.045 0.726501 0.00090981 0.0105624 0.695054 1
441.783 539.477 441.783 539.477 0.958694 -0.379533 0.00910816 0.46426 1
464.299 401.595 464.299 401.595 0.924032 -0.0467795 -0.0426546 0.636014 3
486.937 460.021 486.937 460.021 1.41492 0.212612 -0.0310947 0.89395 0
474.866 355.263 474.866 355.263 0.87752 -0.00216192 -0.0389005 0.833398 3
772.412 281.969 772.412 281.969 2.37326 -0.301379 -0.306984 0.648894 1
131.229 454.864 131.229 454.864 0.644981 -0.124695 0.000951437 0.812292 1
214.717 450.623 214.717 450.623 0.626957 -0.120106 0.00413836 0.842188 1
297.709 496.86 297.709 496.86 0.778802 0.0027549 0.00439771 0.775774 2
304.122 487.123 304.122 487.123 0.885472 0.00529911 -0.00218425 0.785869 2
310.314 513.94 310.314 513.94 0.900573 -0.00133193 0.00218202 0.649921 2
354.986 309.278 354.986 309.278 1.29156 -0.0983122 -0.155125 0.57116 4
309.146 500.268 309.146 500.268 1.11376 -0.0304303 -0.0185952 0.436493 2
309.146 500.268 309.146 500.268 1.10881 -0.0249303 -0.0184382 0.436318 2
48.3064 475.675 48.3064 475.675 0.562968 -0.118857 0.00699445 0.771683 -1
69.109 475.227 69.109 475.227 0.801545 -0.0238562 -0.0156073 0.602094 1
386.03 400.483 386.03 400.483 0.869424 -0.0398589 -0.0406255 0.627959 4
708.981 25.8096 708.981 25.8096 0.699261 -0.205604 -0.0919856 0.816341 1
708.981 25.8096 708.981 25.8096 0.691586 -0.206423 -0.089504 0.816605 1
51.5807 459.998 51.5807 459.998 0.730329 -0.246729 -0.0222706 0.526898 1
433.973 233.149 433.973 233.149 2.35144 -0.238603 -0.405627 0.782324 -1
54.4518 521.07 54.4518 521.07 0.705249 0.0267163 0.00211102 0.526223 -1
90.732 321.62 90.732 321.62 0.804457 -0.0277419 -0.0789715 0.581264 1
284.556 565.475 284.556 565.475 0.889233 -0.101167 0.0189811 0.42741 2
171.502 285.035 171.502 285.035 0.74991 0.0908464 -0.0502862 0.799053 1
171.502 285.035 171.502 285.035 0.767245 0.0710521 -0.0537093 0.802961 1
428.939 278.563 428.939 278.563 1.53017 -0.204264 -0.175199 0.943861 4
6.25901 457.452 6.25901 457.452 0.764498 -0.0379861 -0.0280619 0.482461 -1
73.1686 448.458 73.1686 448.458 0.784048 -0.0382793 -0.0273732 0.552315 1
118.868 402.927 118.868 402.927 0.655626 0.0802029 -0.00809896 0.822712 1
495.014 353.066 495.014 353.066 0.823313 -0.00222318 -0.0267723 0.899171 4
264.059 487.46 264.059 487.46 0.714801 0.0589526 0.0044606 0.780835 2
378.023 408.694 378.023 408.694 0.808614 -0.0308497 -0.0338368 0.599586 4
438.683 216.002 438.683 216.002 0.845159 -0.0724379 -0.114692 0.579143 -1
290.281 544.823 290.281 544.823 0.913897 -0.244888 0.0101415 0.468682 2
295.998 507.999 295.998 507.999 0.899059 0.0245352 0.00171326 0.706425 2
360.591 519.055 360.591 519.055 0.987196 0.157584 0.00919118 0.825924 1
416.446 536.949 416.446 536.949 0.748863 -0.0834125 0.0184708 0.853525 1
431.79 424.144 431.79 424.144 0.716532 -0.111642 -0.0136939 0.701911 4
471.583 412.717 471.583 412.717 0.896998 -0.15374 -0.0167166 0.935009 3
502.528 421.494 502.528 421.494 0.706989 -0.0931849 -0.00483868 0.824296 4
298.481 544.654 298.481 544.654 0.79037 0.0127762 0.0102393 0.468035 2
125.305 418.786 125.305 418.786 0.740647 -0.209491 -0.0163837 0.808613 3
216.078 454.225 216.078 454.225 0.752173 -0.257068 -0.00478139 0.834305 1
281.452 288.705 281.452 288.705 0.77199 0.186029 -0.0485353 0.796678 1
355.248 316.577 355.248 316.577 0.756691 0.277428 -0.0395985 0.756646 4
283.501 531.182 283.501 531.182 0.834183 -0.0556835 0.005799 0.51979 2
265.575 497.81 265.575 497.81 0.504657 -0.18471 0.00939139 0.674952 2
316.829 413.338 316.829 413.338 1.29837 0.035444 -0.0605101 0.867134 -1
318.93 378.657 318.93 378.657 1.0858 0.216701 -0.0606824 0.798802 -1
181.07 284.011 181.07 284.011 0.935023 0.389283 -0.0828448 0.773735 1
40.3127 402.542 40.3127 402.542 0.559963 -0.00727305 -0.00843211 0.707951 1
816.367 316.485 816.367 316.485 0.951602 -0.161091 -0.0503337 0.866966 1
799.32 184.374 799.32 184.374 0.878631 -0.370366 -0.0683825 1.01611 1
382.518 520.112 382.518 520.112 0.551989 0.0887236 0.0149412 0.765544 1
382.518 520.112 382.518 520.112 0.614237 -0.0533485 0.0139334 0.767844 1
483.254 243.114 483.254 243.114 0.629517 -0.454553 -0.0602703 0.633901 0
435.833 545.268 435.833 545.268 0.661625 -0.00108851 0.0134089 0.535571 1
421.999 529.719 421.999 529.719 0.916398 -0.0538668 0.0157044 0.862958 1
378.241 507.719 378.241 507.719 0.684066 -0.0726705 0.00650844 0.666699 1
309.492 456.069 309.492 456.069 1.08425 0.00267483 -0.0324608 0.66143 -1
309.492 456.069 309.492 456.069 1.08636 -0.139201 -0.032594 0.67036 -1
306.761 416.491 306.761 416.491 1.48733 0.360008 -0.0943016 0.575827 -1
417.133 404.079 417.133 404.079 0.514729 -0.067114 0.0129985 0.890232 4
385.744 392.536 385.744 392.536 0.809804 -0.0598145 -0.0257699 0.79361 4
517.59 363.344 517.59 363.344 0.636685 -0.0748063 0.00105419 0.943903 4
471.996 326.819 471.996 326.819 0.445506 0.210993 0.00708243 0.726631 4
287.202 283.948 287.202 283.948 0.9343 0.58825 -0.0851822 0.677416 1
365.971 506.544 365.971 506.544 0.749771 0.0235837 0.000289493 0.551049 1
815.961 318.302 815.961 318.302 0.796569 -0.130336 -0.0197375 0.978738 1
815.758 313.602 815.758 313.602 0.971207 -0.0746402 -0.0437813 0.972483 1
290.781 287.946 290.781 287.946 1.07685 0.429372 -0.12687 0.558516 1
304.272 526.904 304.272 526.904 0.778552 0.188495 0.00375537 0.474101 2
331.112 357.095 331.112 357.095 1.21754 0.2474 -0.0837365 0.843354 4
363.463 304.787 363.463 304.787 0.814541 0.257928 -0.0507759 0.77073 4
285.743 525.869 285.743 525.869 0.789098 -0.22524 0.00204919 0.44876 2
85.8538 512.118 85.8538 512.118 0.568293 -0.0606134 0.0119295 0.756396 -1
299.174 499.619 299.174 499.619 0.935611 0.0810489 0.000413489 0.781055 2
379.31 243.662 379.31 243.662 0.689142 0.557551 -0.0854493 0.354225 -1
799.153 184.912 799.153 184.912 0.733888 0.253397 -0.0591061 0.712905 1
134.6 522.989 134.6 522.989 0.562418 0.0180353 0.0124669 0.7094 -1
379.446 520.118 379.446 520.118 0.563611 0.114844 0.0165303 0.820771 1
379.446 520.118 379.446 520.118 0.568834 -0.0481143 0.0164454 0.82342 1
123.572 419.452 123.572 419.452 0.604072 -0.0338923 -0.00995918 0.695615 1
206.48 453.549 206.48 453.549 0.626656 -0.012083 -0.000207676 0.753111 1
270.118 278.762 270.118 278.762 0.771777 -0.268532 -0.0846366 0.603087 1
51.5782 449.442 51.5782 449.442 0.574685 -0.0996556 -0.0118839 0.54998 1
155.466 521.007 155.466 521.007 0.504235 0.0154442 0.0099658 0.603007 -1
271.186 282.285 271.186 282.285 0.839315 -0.0596285 -0.0971515 0.553965 1
428.244 387.875 428.244 387.875 0.434854 0.00075253 0.015534 0.814599 4
366.825 507.097 366.825 507.097 0.808402 -0.411893 0.00533842 0.737283 1
297.169 509.506 297.169 509.506 0.698919 0.187301 0.0105377 0.785809 2
281.824 548.572 281.824 548.572 0.631968 -0.0631833 0.0127246 0.528217 2
679.799 205.206 679.799 205.206 0.848353 0.106732 -0.0630901 0.89372 1
362.139 321.817 362.139 321.817 0.878228 0.724233 -0.0467016 0.789501 4
688.875 333.458 688.875 333.458 0.692734 0.0419819 -0.0365001 0.593476 1
41.214 410.945 41.214 410.945 0.516451 -0.0875623 -0.01046 0.610579 1
517.688 465.413 517.688 465.413 0.296375 -0.0695346 0.0225893 0.780418 4
365.253 517.154 365.253 517.154 0.48064 0.0248983 0.0176506 0.820457 1
179.545 153.829 179.545 153.829 0.91109 0.208532 -0.136384 0.745194 1
104.613 216.932 104.613 216.932 0.520932 0.147888 -0.0453986 0.562077 1
273.289 289.184 273.289 289.184 0.801002 0.0446345 -0.0827616 0.571534 1
149.549 414.945 149.549 414.945 0.571696 0.0685076 -0.00902002 0.655959 1
320.888 461.901 320.888 461.901 1.06263 -0.122874 -0.0198809 0.818132 -1
52.57 463.019 52.57 463.019 0.512534 -0.0659816 0.003335 0.674678 -1
382.702 244.087 382.702 244.087 0.575223 0.374284 -0.0210739 0.715116 0
182.595 292.317 182.595 292.317 0.755337 0.51734 -0.0616069 0.611971 1
99.8034 188.681 99.8034 188.681 0.613684 0.0325022 -0.0807067 0.56694 1
224.432 418.935 224.432 418.935 0.676696 -0.0458158 -0.0148683 0.704738 1
192.99 421.612 192.99 421.612 0.648402 0.126236 -0.0132065 0.67294 1
112.385 510.564 112.385 510.564 0.522962 -0.141271 0.00350602 0.499609 -1
112.385 510.564 112.385 510.564 0.524406 0.0280316 0.00346305 0.494569 -1
392.433 534.113 392.433 534.113 0.569162 0.133854 0.0174743 0.793545 1
157.075 523.059 157.075 523.059 0.480378 0.0892581 0.00793838 0.514969 -1
28.1317 503.152 28.1317 503.152 0.561336 0.333432 9.47055e-05 0.502105 -1
432.563 423.891 432.563 423.891 0.656123 -0.0336111 -0.00513141 0.756042 4
326.428 462.141 326.428 462.141 1.28023 -0.235794 -0.0291559 0.88294 -1
364.656 515.572 364.656 515.572 0.608928 0.0187709 0.0158039 0.842745 1
208.754 301.8 208.754 301.8 0.768358 0.445094 -0.050051 0.718953 1
78.3973 418.817 78.3973 418.817 0.554447 -0.246125 0.00306029 0.835707 1
286.241 489.587 286.241 489.587 0.754396 -0.0457645 -0.00141435 0.672551 2
388.344 511.045 388.344 511.045 0.636479 -0.0327696 0.0154395 0.864091 1
205.016 275.844 205.016 275.844 1.24267 1.15563 -0.148438 0.606101 1
679.677 205.886 679.677 205.886 0.682086 0.0337152 -0.0335019 0.866277 1
144.753 468.739 144.753 468.739 0.586954 0.0697299 -0.00484196 0.574517 1
180.792 292.143 180.792 292.143 0.700311 0.220586 -0.0357009 0.800607 1
43.6066 432.415 43.6066 432.415 0.690199 0.184668 -0.0196735 0.628524 1
110.827 427.396 110.827 427.396 0.625936 0.0188732 -0.00709254 0.740266 1
146.334 424.792 146.334 424.792 0.626488 -0.125261 -0.00709998 0.754768 1
54.108 450.979 54.108 450.979 0.585825 0.00653029 -0.00653652 0.628874 1
54.108 450.979 54.108 450.979 0.575567 -0.0265555 -0.0057394 0.631445 1
114.661 512.422 114.661 512.422 0.550962 0.127273 0.000784219 0.428584 -1
182.778 163.953 182.778 163.953 0.677939 0.434794 -0.0693612 0.650186 -1
7.61458 428.074 7.61458 428.074 0.803403 0.309727 -0.0314935 0.627921 -1
293.065 272.702 293.065 272.702 0.963828 0.17462 -0.0949104 0.756857 1
303.719 276.362 303.719 276.362 0.951912 0.0188857 -0.0984497 0.720036 -1
333.292 350.676 333.292 350.676 1.64467 0.283503 -0.163336 0.637584 -1
306.472 486.65 306.472 486.65 0.97842 0.0698321 -0.0175133 0.527443 2
302.354 512.739 302.354 512.739 1.10036 0.540214 -0.0069802 0.525243 2
353.118 505.604 353.118 505.604 1.02374 0.0818464 0.00353339 0.847087 1
289.393 270.648 289.393 270.648 0.929598 0.0620227 -0.0930505 0.746857 1
289.393 270.648 289.393 270.648 1.03989 0.229336 -0.114853 0.713783 1
298.328 285.437 298.328 285.437 1.07602 0.0351278 -0.103116 0.845225 -1
677.167 171.691 677.167 171.691 0.782054 -0.287672 -0.0506311 1.02739 1
103.979 306.019 103.979 306.019 0.77051 -0.216747 -0.0485431 0.875347 1
130.939 457.034 130.939 457.034 0.541287 0.0157406 0.00902354 0.807853 1
341.664 429.111 341.664 429.111 0.923412 0.0934773 -0.0186851 0.877112 -1
220.913 168.5 220.913 168.5 0.880339 0.167404 -0.106402 0.83848 -1
389.896 247.868 389.896 247.868 1.02218 0.162637 -0.145009 0.489615 -1
116.167 190.019 116.167 190.019 0.988139 0.0852657 -0.184853 0.543575 1
289.026 270.374 289.026 270.374 1.04776 0.161917 -0.107028 0.80622 1
283.791 280.125 283.791 280.125 0.905183 -0.0572141 -0.0740488 0.861014 1
294.685 283.261 294.685 283.261 0.993373 0.0309502 -0.0873677 0.858553 -1
331.036 418.754 331.036 418.754 0.975943 -0.0333658 -0.0281488 0.871743 -1
473.1 401.178 473.1 401.178 0.97678 0.00991769 -0.0469456 0.639048 3
473.1 401.178 473.1 401.178 0.968616 0.00297199 -0.0461795 0.6397 3
20.6326 521.616 20.6326 521.616 0.943478 0.116402 -0.00667438 0.455267 1
279.087 278.082 279.087 278.082 1.41824 0.343937 -0.175605 0.769255 1
296.559 493.734 296.559 493.734 0.912008 0.0177532 -0.00400778 0.713322 2
305.447 487.378 305.447 487.378 0.867319 -0.00181712 -0.000739272 0.798543 2
300.649 498.55 300.649 498.55 0.849978 -0.0355958 -0.00309949 0.637638 2
299.262 510.793 299.262 510.793 0.793273 -0.0984246 0.00405629 0.662454 2
760.255 245.937 760.255 245.937 1.07792 -0.0469032 -0.144815 0.435773 1
406.302 257.345 406.302 257.345 1.28287 0.969533 -0.14583 0.705258 -1
351.051 570.893 351.051 570.893 0.843336 -0.0044012 0.0259942 0.760708 1
386.991 193.564 386.991 193.564 0.947373 0.0436978 -0.100429 0.911691 0
376.671 409.183 376.671 409.183 0.854307 -0.0533739 -0.0404663 0.564904 4
727.141 18.3361 727.141 18.3361 1.41209 0.038696 -0.353417 0.582088 1
114.656 456.178 114.656 456.178 0.80344 -0.103128 -0.0225996 0.600871 3
190.275 292.422 190.275 292.422 1.03268 0.130444 -0.115504 0.670151 1
322.175 325.296 322.175 325.296 1.05655 -0.0989007 -0.0907832 0.75615 -1
335.782 333.217 335.782 333.217 1.28655 -0.0774245 -0.13424 0.608847 -1
294.358 487.726 294.358 487.726 0.748761 -0.0434328 0.00347539 0.787432 2
313.379 454.589 313.379 454.589 1.11346 -0.0129121 -0.0272315 0.798605 -1
331.075 417.318 331.075 417.318 1.01285 -0.0456352 -0.0386572 0.772605 -1
331.075 417.318 331.075 417.318 1.04669 -0.029101 -0.0416837 0.771127 -1
316.11 488.317 316.11 488.317 1.40848 -0.187095 -0.0280673 0.666325 2
316.171 529.386 316.171 529.386 1.56064 -0.0334444 0.00302878 0.714128 2
122.37 455.565 122.37 455.565 0.833334 0.248359 -0.0170431 0.707754 3
299.925 499.678 299.925 499.678 1.00016 0.0232028 -0.00403892 0.723768 2
299.856 510.504 299.856 510.504 0.743081 -0.00717566 -0.000915853 0.498136 2
394.327 175.69 394.327 175.69 0.900946 -0.0455025 -0.146386 0.585325 0
389.576 191.622 389.576 191.622 0.990233 -0.0662295 -0.165905 0.558597 0
309.736 499.409 309.736 499.409 1.21438 0.179661 -0.00837754 0.779036 2
420.577 400.783 420.577 400.783 0.558965 -0.043683 0.00794841 0.877357 4
601.197 69.4747 601.197 69.4747 1.33371 -0.0475857 -0.2784 0.777237 1
114.583 455.844 114.583 455.844 0.854011 -0.045075 -0.0244939 0.628043 3
253.663 281.083 253.663 281.083 1.29269 -0.151744 -0.164593 0.751463 1
293.497 487.927 293.497 487.927 0.825743 -0.0118091 -0.00123645 0.750421 2
296.536 283.948 296.536 283.948 0.945326 -0.00423874 -0.0906767 0.755389 -1
296.536 283.948 296.536 283.948 0.914393 -0.0162757 -0.0848812 0.757644 -1
298.631 294.148 298.631 294.148 0.950682 -0.0440608 -0.0997915 0.649639 -1
122.447 454.982 122.447 454.982 0.815434 -0.0142238 -0.0155452 0.733191 1
195.252 451.62 195.252 451.62 0.815344 0.00765657 -0.0134659 0.761749 1
195.252 451.62 195.252 451.62 0.815957 0.0083369 -0.0135093 0.7617 1
269.923 291.324 269.923 291.324 0.847667 -0.00310868 -0.072837 0.734564 1
304.796 487.565 304.796 487.565 0.884623 0.0123204 -0.00141826 0.797641 2
307.544 500.197 307.544 500.197 1.23096 -0.1641 -0.00907491 0.778388 2
315.203 335.688 315.203 335.688 1.1037 -0.0769557 -0.106457 0.606805 -1
320.839 337.612 320.839 337.612 1.10493 -0.0766551 -0.108432 0.572444 -1
320.839 337.612 320.839 337.612 1.07306 -0.0897998 -0.103757 0.574373 -1
390.507 190.361 390.507 190.361 0.754042 0.0353984 -0.0509459 0.934358 0
426.038 212.691 426.038 212.691 0.895666 0.0234981 -0.0767729 0.940976 -1
417.655 530.865 417.655 530.865 0.694133 -0.0107958 0.0106175 0.588322 1
383.025 433.643 383.025 433.643 0.862301 -0.00885345 -0.0290191 0.59443 4
126.74 429.654 126.74 429.654 0.699737 -0.0187192 -0.0155343 0.702905 3
126.74 429.654 126.74 429.654 0.685658 -0.0258274 -0.0142602 0.703548 3
398.862 382.703 398.862 382.703 0.595547 -0.0612929 -0.0272222 0.4987 4
408.976 381.853 408.976 381.853 0.625652 -0.0110787 0.00127352 0.907313 4
378.304 394.475 378.304 394.475 0.8271 -0.0310974 -0.0308793 0.73555 4
37.7978 434.285 37.7978 434.285 0.580232 -0.0425646 -0.0187959 0.502128 1
85.4377 245.656 85.4377 245.656 1.05958 -0.148973 -0.133751 0.882082 1
253.573 281.741 253.573 281.741 1.69349 -0.352943 -0.259173 0.637426 1
441.597 539.862 441.597 539.862 1.09616 -0.586551 0.0114543 0.563017 1
480.753 354.43 480.753 354.43 0.899994 0.0503426 -0.0345648 0.914709 4
526.619 288.641 526.619 288.641 0.852545 -0.0181775 -0.0740951 0.648148 4
657.656 181.762 657.656 181.762 1.27051 -0.19621 -0.202357 0.684829 1
195.669 452.24 195.669 452.24 0.918497 -0.0254502 -0.0163413 0.834386 1
195.669 452.24 195.669 452.24 0.915552 -0.0235113 -0.0161341 0.83425 1
204.763 450.935 204.763 450.935 0.814376 -0.0314096 -0.0172345 0.700094 1
280.562 541.933 280.562 541.933 0.96388 -0.139756 0.00873951 0.478891 2
720.812 20.3193 720.812 20.3193 0.693657 0.0683595 -0.119918 0.56681 1
209.595 157.184 209.595 157.184 0.919914 0.299356 -0.128038 0.764586 1
380.143 376.459 380.143 376.459 0.861511 -0.0257086 -0.0410555 0.731118 4
416.776 435.779 416.776 435.779 0.629476 -0.0168057 -0.00672267 0.665074 4
99.9872 466.614 99.9872 466.614 0.561512 -0.0129617 0.00795345 0.800379 1
40.1649 429.552 40.1649 429.552 0.624719 -0.0183343 -0.00337293 0.802157 1
253.251 282.599 253.251 282.599 1.16362 0.113583 -0.145946 0.642251 1
204.971 452.227 204.971 452.227 0.67751 -0.184575 -0.0063185 0.720445 1
165.842 287.906 165.842 287.906 0.896171 -0.0995804 -0.0790341 0.832043 1
348.371 571.584 348.371 571.584 0.592176 0.110318 0.0198811 0.648904 1
264.075 504.31 264.075 504.31 0.625789 0.00281941 0.00283675 0.572411 2
117.054 418.706 117.054 418.706 1.02958 -0.167314 -0.0596943 0.603181 3
295.454 289.347 295.454 289.347 0.899084 -0.0766098 -0.0658025 0.892567 1
357.799 321.156 357.799 321.156 1.04052 -0.33034 -0.0747922 0.928267 4
215.855 158.647 215.855 158.647 0.967225 -0.34948 -0.19719 0.608529 1
282.257 289.047 282.257 289.047 1.01668 -0.35508 -0.0893561 0.933356 1
460.892 355.582 460.892 355.582 0.779606 0.162508 -0.0276013 0.804588 4
799.908 184.584 799.908 184.584 0.932032 0.0166275 -0.0795302 0.933344 1
201.571 452.614 201.571 452.614 0.770898 -0.095637 -0.00635173 0.829636 1
436.007 199.272 436.007 199.272 1.12247 0.00276797 -0.152496 0.81148 -1
350.682 592.477 350.682 592.477 0.638675 -0.117981 0.0245598 0.543496 1
45.3447 462.21 45.3447 462.21 0.461745 0.0315726 0.00322271 0.606837 1
302.806 544.861 302.806 544.861 0.608764 0.0717898 0.0123645 0.547824 2
435.867 485.603 435.867 485.603 0.6672 -0.269841 0.00709866 0.779655 4
104.676 305.526 104.676 305.526 0.756412 0.283506 -0.0712424 0.564061 1
89.7372 210.94 89.7372 210.94 0.679809 0.0361587 -0.089193 0.588474 1
608.337 226.407 608.337 226.407 0.597788 0.0249881 -0.00624982 0.934968 1
27.1454 502.161 27.1454 502.161 0.633208 -0.181126 -0.00507244 0.472117 1
399.939 524.247 399.939 524.247 0.61364 0.261807 0.0176977 0.860576 1
686.534 331.159 686.534 331.159 0.771146 0.396564 -0.0279155 0.772328 1
639.961 167.939 639.961 167.939 0.863349 -0.0611267 -0.0850983 0.878272 1
799.524 184.711 799.524 184.711 0.882308 0.129297 -0.0628658 0.957634 1
799.524 184.711 799.524 184.711 0.882869 0.127402 -0.0629854 0.958038 1
135.283 522.414 135.283 522.414 0.529742 -0.0613713 0.00510921 0.469346 -1
39.8286 432.345 39.8286 432.345 0.642627 -0.153507 -0.00623903 0.790428 1
382.485 520.452 382.485 520.452 0.563402 0.170542 0.0178434 0.858059 1
382.485 520.452 382.485 520.452 0.545488 0.225593 0.0181293 0.857181 1
180.452 445.823 180.452 445.823 0.619737 0.0686524 0.00312964 0.8211 1
207.146 452.947 207.146 452.947 0.643274 -0.15007 0.00193774 0.818192 1
381.736 167.427 381.736 167.427 0.896141 0.140311 -0.138217 0.61264 0
110.267 512.099 110.267 512.099 0.536694 0.0237904 0.00261892 0.473224 -1
52.386 432.707 52.386 432.707 0.570887 0.0154063 0.00121801 0.783331 1
122.714 428.373 122.714 428.373 0.524263 -0.0319296 0.00533365 0.782228 -1
807.731 276.061 807.731 276.061 0.844798 0.0706933 -0.0661942 0.645014 1
467.973 320.913 467.973 320.913 0.684415 0.304364 -0.0125231 0.882716 4
467.973 320.913 467.973 320.913 0.68503 0.182753 -0.0126144 0.900783 4
108.251 418.426 108.251 418.426 0.644291 0.0135276 -0.00444861 0.826075 1
380.009 516.524 380.009 516.524 0.494001 -0.158132 0.0188151 0.864739 1
263.3 286.36 263.3 286.36 0.838089 -0.632035 -0.0766467 0.825501 1
274.209 289.15 274.209 289.15 0.669743 -0.155931 -0.0554997 0.634132 1
688.644 329.847 688.644 329.847 0.681082 0.347718 -0.0171368 0.771257 1
147.3 415.274 147.3 415.274 0.635573 0.0629064 -0.00403208 0.814982 1
144.257 447.424 144.257 447.424 0.619462 -0.217043 0.00305884 0.842153 -1
386.03 508.864 386.03 508.864 0.681436 -0.0502432 0.0118883 0.805636 1
401.4 520.382 401.4 520.382 0.650587 0.0644794 0.0113705 0.698396 1
156.457 290.299 156.457 290.299 0.510772 -0.139341 -0.00746625 0.803889 1
378.469 186.309 378.469 186.309 0.868804 0.166054 -0.114706 0.669444 0
114.41 517.431 114.41 517.431 0.519719 -0.12393 0.0074454 0.567091 -1
361.465 540.081 361.465 540.081 0.670912 -0.0192062 0.0143828 0.668198 1
123.531 468.201 123.531 468.201 0.596863 0.110675 -0.00127575 0.656277 1
216.285 602.285 216.285 602.285 0.161062 -0.139765 0.00797278 0.487937 -1
58.8 207.206 58.8 207.206 0.652133 0.133932 -0.0916897 0.514604 1
104.179 313.932 104.179 313.932 0.648669 0.117878 -0.0248668 0.807083 1
425.356 317.751 425.356 317.751 0.736953 -0.226772 -0.0328304 0.852011 4
689.447 333.25 689.447 333.25 0.661908 0.100197 -0.0076602 0.878923 1
689.447 333.25 689.447 333.25 0.578302 -0.265372 0.00297734 0.925436 1
367.531 506.763 367.531 506.763 0.676503 -0.0399541 0.00597179 0.654794 1
364.587 515.945 364.587 515.945 0.555113 0.209484 0.0172051 0.845086 1
389.741 510.634 389.741 510.634 0.690637 0.143138 0.014083 0.857929 1
283.757 270.035 283.757 270.035 0.862113 0.373795 -0.0865072 0.632412 1
157.946 310.977 157.946 310.977 0.599518 -0.0989744 -0.0287018 0.728697 1
297.102 285.867 297.102 285.867 0.917058 0.203222 -0.0740066 0.808908 -1
42.5371 411.491 42.5371 411.491 0.584513 0.0661623 -0.0126252 0.660345 1
42.426 416.156 42.426 416.156 0.578278 -0.070413 -0.0150949 0.621087 1
54.0751 462.499 54.0751 462.499 0.631396 0.237383 -0.00805642 0.60478 1
143.753 469.048 143.753 469.048 0.592224 -0.0542115 -0.00843799 0.519185 1
379.123 182.158 379.123 182.158 0.941202 0.038545 -0.150742 0.590766 0
128.238 316.168 128.238 316.168 0.676042 0.337888 -0.028338 0.773384 1
233.563 297.417 233.563 297.417 0.714666 0.308672 -0.0434579 0.719032 1
680.885 205.803 680.885 205.803 0.699944 0.104726 -0.0415679 0.816905 1
144.601 434.871 144.601 434.871 0.602173 -0.151725 -0.0194422 0.507051 1
125.996 459.11 125.996 459.11 0.637954 0.122379 0.0031261 0.811043 1
141.007 512.498 141.007 512.498 0.527382 0.0690599 0.00491076 0.51814 -1
425.475 534.61 425.475 534.61 0.662666 0.0624315 0.0146121 0.708363 1
182.648 292.049 182.648 292.049 0.648159 -0.0308612 -0.0268846 0.838719 1
193.421 421.069 193.421 421.069 0.718317 0.216554 -0.0219611 0.634379 1
674.173 171.089 674.173 171.089 0.736557 0.0883017 -0.0699578 0.723364 -1
123.745 447.504 123.745 447.504 0.602083 0.0312543 0.000846718 0.770177 1
48.7571 480.775 48.7571 480.775 0.462767 -0.482005 0.00146699 0.563165 1
122.583 478.816 122.583 478.816 0.634606 0.104286 0.00563088 0.791452 1
115.497 511.285 115.497 511.285 0.578625 0.270104 0.00473717 0.559282 -1
63.7841 423.704 63.7841 423.704 0.594985 0.0646969 -0.0127078 0.635535 1
261.687 277.876 261.687 277.876 0.684592 -0.0277813 -0.0312445 0.868822 1
284.151 281.489 284.151 281.489 1.09796 0.147427 -0.108151 0.839454 1
818.712 317.335 818.712 317.335 0.883863 0.135993 -0.0304235 0.953136 1
818.712 317.335 818.712 317.335 0.779622 -0.0890036 -0.0168537 0.982426 1
179.729 292.056 179.729 292.056 0.572591 -0.133081 -0.010384 0.875423 1
43.0455 432.349 43.0455 432.349 0.644236 0.119806 -0.0219187 0.541073 1
110.391 427.39 110.391 427.39 0.605927 0.0165061 -0.00904101 0.685923 1
681.158 205.063 681.158 205.063 0.793196 0.27238 -0.0775101 0.652528 1
181.417 461.781 181.417 461.781 0.698849 0.0826994 -0.00715507 0.681353 1
860.763 451.885 860.763 451.885 0.603827 -0.0715739 0.00549904 0.731887 -1
852.288 -0.721112 852.288 -0.721112 1.02845 0.482502 -0.23313 0.399046 0
372.003 414.203 372.003 414.203 0.729271 -0.316071 -0.0295262 0.555913 4
54.8494 451.327 54.8494 451.327 0.456961 -0.111326 -0.000717457 0.568765 -1
176.177 292.318 176.177 292.318 0.987193 0.106528 -0.0893167 0.83407 1
286.339 530.829 286.339 530.829 0.828776 -0.0296022 0.0123869 0.747683 2
147.311 442.007 147.311 442.007 0.554176 -0.0583554 0.0057104 0.801372 1
101.033 308.312 101.033 308.312 1.19568 0.39204 -0.135991 0.682017 1
288.877 506.85 288.877 506.85 0.841968 -0.00626382 -0.000506939 0.620526 2
426.515 410.842 426.515 410.842 0.717115 0.0791091 -0.017532 0.687747 4
317.051 487.814 317.051 487.814 1.38259 -0.0433541 -0.0224692 0.768571 2
196.671 451.204 196.671 451.204 0.84262 0.0177298 -0.0156329 0.759006 1
387.836 195.503 387.836 195.503 1.25091 0.0199252 -0.186585 0.825219 0
422.51 217.577 422.51 217.577 0.879266 -0.00189944 -0.0797808 0.884469 -1
415.169 179.695 415.169 179.695 0.98358 0.1217 -0.161312 0.561491 0
302.639 516.301 302.639 516.301 1.00367 0.0275264 0.00331434 0.719841 2
416.837 239.037 416.837 239.037 2.32658 0.177329 -0.427518 0.436768 0
387.802 375.868 387.802 375.868 0.953974 -0.0183473 -0.0711315 0.486708 4
98.9683 229.632 98.9683 229.632 0.785304 0.344981 -0.0719164 0.769462 -1
331.354 410.363 331.354 410.363 0.972118 -0.0276248 -0.0385759 0.761913 -1
301.05 514.144 301.05 514.144 0.805927 -0.00500374 0.00220804 0.591491 2
315.321 334.017 315.321 334.017 1.12448 0.0192433 -0.0898926 0.810076 -1
381.493 377.983 381.493 377.983 1.13283 0.0301009 -0.0672756 0.778534 4
437.154 411.646 437.154 411.646 0.786587 -0.00796384 -0.0201996 0.736046 4
393.532 178.104 393.532 178.104 0.82398 0.00235155 -0.0827331 0.865663 0
12.8017 470.855 12.8017 470.855 0.800212 0.0101792 -0.00762723 0.794324 1
396.02 189.165 396.02 189.165 0.905792 -0.0237373 -0.099411 0.872882 0
310.605 499.787 310.605 499.787 0.973444 0.0403372 -0.00377596 0.702411 2
315.048 490.408 315.048 490.408 1.25549 -0.0224075 -0.0182834 0.714078 2
210.39 156.652 210.39 156.652 0.882695 0.124028 -0.152689 0.602014 1
385.221 397.535 385.221 397.535 1.1664 -0.0294843 -0.0824692 0.485437 4
399.029 519.165 399.029 519.165 1.04547 -0.280107 -0.00244404 0.482263 1
597.703 69.8756 597.703 69.8756 0.867372 0.0866283 -0.10719 0.900958 1
377.796 403.238 377.796 403.238 0.857072 -0.030017 -0.0332512 0.702377 4
292.32 270.752 292.32 270.752 1.27278 0.110197 -0.153833 0.792358 2
264.535 487.503 264.535 487.503 0.880381 -0.141873 -0.00912757 0.643262 2
120.512 456.063 120.512 456.063 0.635575 -0.0639839 -0.00190534 0.741911 1
417.905 239.682 417.905 239.682 0.500944 -0.190073 -0.0354777 0.589724 -1
197.334 454.838 197.334 454.838 0.60114 0.0754654 0.00604729 0.822178 1
268.468 289.051 268.468 289.051 0.714672 -0.205639 -0.0584873 0.692233 1
260.646 486.282 260.646 486.282 0.668899 -0.192 2.43283e-05 0.658791 2
363.112 512.87 363.112 512.87 0.509343 0.126654 0.00933543 0.601664 1
88.2186 216.025 88.2186 216.025 0.676143 0.0707731 -0.0522508 0.809445 1
202.428 452.64 202.428 452.64 0.852489 -0.431494 -0.0114745 0.862171 1
211.294 451.583 211.294 451.583 0.603783 -0.01715 0.00496374 0.817101 1
612.017 233.963 612.017 233.963 0.678847 -0.128983 -0.0256594 0.928814 1
83.9327 483.231 83.9327 483.231 0.616432 -0.142416 -0.00115133 0.631232 -1
402.175 535.537 402.175 535.537 0.579807 0.137133 0.0116046 0.574105 1
401.536 524.973 401.536 524.973 0.672304 0.0423879 0.01704 0.861917 1
69.2512 429.114 69.2512 429.114 0.755128 -0.153572 -0.020178 0.746633 3
179.709 291.842 179.709 291.842 1.10089 -0.094104 -0.127308 0.735093 1
291.197 288.329 291.197 288.329 1.22527 -1.3045 -0.146697 0.939863 1
102.024 217.469 102.024 217.469 0.51735 0.00978604 -0.0190864 0.768475 1
89.7911 210.758 89.7911 210.758 0.553347 0.0537561 -0.0657337 0.518616 1
676.936 205.521 676.936 205.521 0.793788 0.389 -0.0489512 0.855857 1
381.482 520.767 381.482 520.767 0.650469 -0.115674 0.0162221 0.854685 1
685.331 331.097 685.331 331.097 0.747102 -0.11396 -0.0205691 0.888024 1
685.331 331.097 685.331 331.097 0.677555 0.168365 -0.0116098 0.851654 1
446.308 249.689 446.308 249.689 0.640203 0.136513 -0.0492402 0.624625 0
206.896 453.31 206.896 453.31 0.639482 0.137338 0.000936216 0.778364 1
285.282 270.534 285.282 270.534 0.986271 -0.337683 -0.135655 0.562627 1
122.428 427.086 122.428 427.086 0.635387 -0.181838 -0.00597249 0.786093 1
37.2529 422.393 37.2529 422.393 0.487362 -0.0608241 -0.00330534 0.637783 1
676.742 204.601 676.742 204.601 0.701059 -0.0184728 -0.0810033 0.534236 1
143.101 414.518 143.101 414.518 0.61452 0.0812149 -0.0184202 0.592957 1
189.745 302.566 189.745 302.566 0.749139 0.191363 -0.0464491 0.769118 1
775.564 250.227 775.564 250.227 0.795009 0.109233 -0.0647202 0.658785 1
73.2324 512.244 73.2324 512.244 0.432807 -0.0677883 0.0116002 0.640941 -1
47.2043 472.299 47.2043 472.299 0.600862 -0.344658 -0.000956834 0.694606 1
201.08 420.357 201.08 420.357 0.656941 -0.375047 -0.0273207 0.531128 1
110.999 245.327 110.999 245.327 0.47109 -0.0171938 0.00190627 0.82329 1
